1,10605436
2,10605437
3,10605438
4,10605439
5,10605440
6,10605441
7,10605442
8,10605443
9,10605444
10,10605445
11,10605446
12,10605447
13,10605448
14,10605449
15,10605450
16,10605451
17,10605452
18,10605453
19,10605454
20,10605455
21,10605456
22,10627230
23,10627119
24,10636771
25,10694927
26,10697468
27,10697469
28,10697470
29,10697471
30,10697472
31,10697473
32,10697474
33,10697475
34,10697476
35,10697477
36,10697478
37,10697479
38,10697480
39,10697481
40,10697482
41,10697486
42,10697487
43,10697488
44,10697489
45,10733408
46,10733409
47,10819014
48,10819015
49,10819016
50,10819017
51,10819018
52,10819019
53,10819020
54,10819021
55,10819022
56,10819023
57,10819024
58,10819025
59,10819026
60,10819027
61,10819028
62,10819029
63,10819030
64,10819032
65,10822498
66,10822499
67,10822500
68,10822501
69,10822502
70,10822503
71,10847779
72,10872312
73,10872313
74,10872314
75,10872315
76,10872316
77,10872317
78,10872318
79,10872319
80,10872320
81,10872321
82,10872322
83,10872323
84,10872324
85,10872325
86,10872326
87,10872327
88,10872328
89,10872329
90,10872330
91,10872331
92,10872332
93,10872333
94,10872334
95,10872335
96,10872336
97,10872337
98,10872338
99,10872339
100,10872340
101,10895639
102,10897858
103,10897859
104,10897860
105,10897861
106,10897862
107,10897863
108,10897864
109,10897865
110,10897866
111,10897867
112,10994412
113,10994413
114,10994414
115,10994415
116,10994416
117,10994417
118,10994418
119,10994419
120,10994420
121,10994421
122,10994422
123,10994423
124,10994424
125,10994426
126,10994427
127,10994428
128,10994429
129,10994430
130,10994431
131,10994432
132,10994433
133,10994434
134,10994435
135,10994436
136,10994437
137,10994438
138,10994439
139,10994440
140,10994441
141,10994442
142,11542643
143,11542644
144,11541655
145,11541657
146,11541659
147,11542753
148,11542754
149,11542755
150,11542756
151,11542757
152,11542758
153,11542759
154,11542760
155,11542761
156,11542738
157,11542739
158,11542740
159,11542741
160,11542742
161,11542743
162,11542744
163,11542745
164,11542746
165,11542747
166,11542748
167,11542749
168,11542750
169,11542751
170,11542752
171,11542807
172,11536554
173,11542960
174,11542962
175,11542963
176,11542961
177,11543109
178,11543110
179,11543112
180,11543113
181,11543114
182,11543115
183,11543117
184,11543118
185,11543089
186,11543090
187,11543091
188,11543092
189,11543108
190,11543111
191,11543116
192,11543093
193,11543095
194,11543096
195,11543097
196,11543098
197,11543099
198,11543100
199,11543101
200,11543102
201,11543103
202,11543104
203,11543105
204,11543106
205,11543094
206,11219827
207,11219828
208,11219829
209,11219830
210,11219831
211,11219832
212,11219833
213,11219834
214,11219835
215,11219836
216,11219837
217,11219838
218,11219839
219,11219840
220,11219841
221,11219842
222,11219843
223,11219844
224,11219845
225,11219846
226,11219847
227,11219848
228,11219849
229,11219850
230,11219851
231,11219852
232,11219853
233,11219854
234,11219855
235,11219856
236,11219857
237,11219858
238,11219859
239,11219860
240,11219861
241,11219862
242,11219863
243,11219864
244,11219865
245,11219866
246,11219867
247,11219868
248,11219869
249,11219870
250,11219871
251,11219872
252,11219873
253,11272112
254,11272113
255,11272114
256,11272115
257,11272116
258,11272105
259,11272106
260,11272107
261,11272108
262,11272109
263,11272110
264,11272111
265,11272117
266,11272118
267,11272119
268,11272120
269,11272121
270,11272122
271,11272123
272,11272124
273,11272125
274,11272126
275,11272127
276,11272128
277,11344546
278,11344547
279,11344548
280,11344549
281,11344550
282,11344551
283,11344552
284,11344553
285,11344554
286,11344555
287,11344556
288,11344557
289,11344558
290,11344559
291,11344560
292,11344561
293,11344562
294,11344563
295,11344564
296,11344565
297,11344566
298,11344567
299,11344568
300,11344569
301,11344570
302,11344571
303,11344572
304,11344573
305,11344574
306,11344575
307,11344576
308,11344577
309,11344578
310,11344579
311,11344580
312,11344581
313,11344582
314,11344583
315,11370226
316,11370227
317,11370228
318,11370229
319,11370230
320,11370231
321,11370232
322,11370233
323,11370234
324,11370235
325,11370236
326,11370237
327,11370238
328,11370239
329,11370240
330,11370241
331,11370242
332,11370243
333,11370244
334,11370245
335,11370246
336,11370247
337,11370511
338,11370512
339,11370513
340,11370514
341,11370515
342,11370516
343,11370517
344,11370518
345,11370519
346,11370520
347,11396506
348,11400427
349,11400431
350,11400434
351,11400435
352,11400436
353,11400437
354,11400438
355,11400439
356,11400440
357,11400441
358,11400442
359,11400428
360,11400429
361,11400430
362,11400432
363,11400433
364,11436904
365,11452377
366,11452378
367,11452379
368,11452380
369,11452381
370,11452382
371,11452383
372,11452384
373,11452385
374,11452386
375,11452387
376,11452388
377,11452389
378,11452390
379,11452391
380,11452392
381,11452393
382,11452394
383,11452868
384,11452869
385,11452870
386,11452871
387,11452872
388,11452873
389,11452874
390,11452875
391,11452876
392,11452877
393,11452878
394,11452879
395,11452880
396,11452881
397,11452882
398,11452883
399,11452884
400,11452885
401,11452886
402,11452887
403,11452888
404,11452889
405,11452890
406,11452891
407,11455965
408,11458964
409,11526826
410,11526827
411,11526828
412,11526829
413,11526830
414,11526831
415,11526832
416,11526833
417,11526834
418,11526835
419,11526836
420,11526837
421,11526838
422,11526839
423,11526840
424,11526841
425,11526842
426,11526843
427,11526844
428,11526845
429,11526846
430,11526847
431,11526848
432,11526849
433,11526850
434,11526851
435,11526852
436,11526853
437,11526854
438,11526855
439,11526856
440,11584834
441,11601427
442,11596488
443,11596489
444,11596490
445,11596491
446,11596492
447,11596493
448,11596494
449,11596495
450,11596496
451,11596497
452,11596498
453,11596499
454,11596500
455,11596501
456,11596502
457,11596503
458,11596504
459,11596505
460,11596506
461,11596507
462,11596508
463,11596509
464,11596510
465,11675773
466,11683186
467,11697375
468,11712293
469,11712290
470,11712292
471,11712294
472,11712295
473,11712296
474,11712297
475,11712278
476,11712279
477,11712280
478,11712281
479,11712282
480,11712283
481,11712284
482,11712285
483,11712286
484,11712287
485,11712288
486,11712289
487,11785521
488,11785524
489,11794356
490,11799677
491,11799679
492,11799691
493,11799696
494,11799678
495,11799680
496,11799681
497,11799682
498,11799683
499,11799684
500,11799685
501,11799686
502,11799687
503,11799689
504,11799690
505,11799692
506,11799693
507,11799694
508,11799695
509,11803669
510,11803694
511,11803671
512,11803678
513,11803685
514,11803686
515,11803687
516,11803689
517,11803690
518,11803691
519,11803692
520,11803693
521,11803695
522,11803696
523,11803697
524,11803698
525,11803670
526,11803672
527,11803673
528,11803674
529,11803675
530,11803676
531,11803677
532,11803679
533,11803680
534,11803681
535,11803682
536,11803683
537,11803684
538,11813735
539,11817408
540,11817410
541,11822415
542,11822416
543,11826887
544,11826891
545,11826892
546,11826893
547,11826894
548,11826882
549,11826883
550,11826884
551,11826885
552,11826886
553,11826888
554,11826889
555,11826890
556,11829022
557,11829023
558,11829024
559,11831244
560,11831245
561,11831246
562,11841092
563,11841093
564,11841094
565,11841095
566,11841096
567,11841097
568,11841087
569,11841088
570,11841089
571,11841090
572,11841091
573,11850909
574,11850910
575,11850911
576,11850912
577,11850913
578,11850914
579,11850915
580,11850916
581,11850917
582,11850919
583,11850920
584,11850921
585,11850922
586,11850923
587,11850924
588,11850925
589,11850927
590,11850928
591,11850929
592,11850930
593,11850931
594,11850936
595,11850959
596,11850948
597,11850949
598,11850950
599,11850951
600,11850952
601,11850953
602,11850954
603,11850955
604,11850956
605,11850957
606,11850958
607,11850960
608,11850961
609,11850962
610,11850963
611,11850964
612,11850965
613,11850937
614,11851240
615,11851241
616,11851242
617,11855376
618,11851244
619,11851245
620,11851246
621,11851247
622,11851248
623,11851249
624,11851250
625,11851251
626,11851252
627,11851253
628,11851254
629,11851255
630,11851256
631,11851257
632,11851258
633,11851259
634,11881649
635,11881644
636,11881655
637,11881656
638,11881657
639,11881641
640,11881642
641,11881643
642,11881645
643,11881646
644,11881647
645,11881648
646,11881651
647,11881652
648,11881653
649,11881654
650,11883442
651,11883443
652,11883444
653,11883445
654,11883446
655,11883447
656,11883448
657,11883480
658,11883481
659,11883482
660,11887911
661,11887912
662,11887913
663,11887914
664,11887915
665,11887916
666,11887917
667,11887918
668,11887919
669,11887920
670,11887921
671,11887922
672,11892792
673,11892793
674,11892794
675,11892795
676,11892796
677,11892797
678,11892798
679,11892799
680,11892800
681,11892801
682,11892802
683,11892803
684,11892804
685,11892805
686,11892806
687,11892807
688,11892808
689,11892809
690,11892810
691,11892811
692,11892812
693,11892813
694,11892814
695,11892815
696,11892816
697,11892817
698,11892818
699,11892819
700,11892820
701,11894894
702,11894916
703,11894902
704,11894903
705,11894904
706,11894905
707,11894906
708,11894907
709,11894908
710,11894909
711,11894910
712,11894911
713,11894912
714,11894913
715,11894914
716,11894915
717,11894917
718,11894918
719,11894895
720,11894896
721,11894897
722,11894898
723,11894899
724,11894900
725,11894901
726,11894919
727,11894920
728,11894921
729,11894922
730,11894923
731,11894924
732,11894925
733,11894926
734,11894927
735,11894928
736,11894929
737,11894930
738,11894931
739,11894932
740,11894933
741,11894934
742,11894935
743,11894936
744,11894937
745,11894938
746,11894939
747,11894940
748,11894941
749,11894942
750,11894943
751,11894944
752,11894945
753,11894947
754,11894948
755,11894949
756,11894950
757,11894951
758,11894952
759,11894953
760,11894954
761,11894955
762,11894956
763,11894957
764,11894958
765,11894959
766,11894960
767,11894961
768,11894962
769,11894963
770,11894964
771,11894965
772,11898841
773,11898842
774,11898843
775,11898844
776,11898831
777,11898832
778,11898833
779,11898834
780,11898835
781,11898836
782,11898837
783,11898838
784,11898839
785,11898840
786,11902167
787,11902168
788,11902169
789,11902170
790,11902171
791,11902172
792,11902173
793,11902174
794,11902175
795,11902176
796,11902166
797,11905215
798,11905214
799,11905194
800,11905195
801,11905196
802,11905197
803,11905198
804,11905199
805,11905200
806,11905201
807,11905202
808,11905203
809,11905204
810,11905205
811,11905206
812,11905207
813,11905208
814,11905209
815,11905210
816,11905211
817,11905212
818,11905213
819,11908521
820,11908526
821,11908527
822,11908528
823,11908529
824,11908530
825,11911147
826,11911148
827,11911149
828,11911140
829,11911141
830,11911142
831,11911143
832,11911144
833,11911145
834,11911146
835,11913427
836,11913416
837,11913424
838,11913425
839,11913428
840,11913429
841,11913430
842,11913431
843,11913432
844,11913417
845,11913418
846,11913419
847,11913420
848,11913421
849,11913422
850,11913423
851,11915882
852,11915887
853,11915888
854,11915883
855,11915889
856,11915885
857,11915884
858,11915886
859,11942342
860,11942343
861,11942344
862,11942357
863,11942358
864,11942354
865,11942355
866,11942356
867,11949681
868,11949687
869,11949689
870,11949688
871,11949690
872,11949691
873,11949682
874,11949683
875,11949684
876,11949686
877,11949685
878,11958218
879,11958205
880,11958206
881,11958207
882,11958208
883,11958209
884,11958210
885,11958211
886,11958212
887,11958213
888,11958214
889,11958215
890,11958216
891,11958217
892,11962494
893,11962495
894,11962496
895,11962497
896,11962498
897,11962499
898,11962500
899,11962501
900,11962502
901,11962503
902,11962504
903,11962505
904,11965660
905,11965661
906,11965662
907,11965663
908,11965664
909,11965665
910,11965666
911,11965654
912,11965655
913,11965656
914,11965657
915,11965658
916,11965659
917,11968207
918,11968210
919,11968211
920,11968212
921,11968213
922,11968209
923,11968208
924,11971280
925,11971281
926,11971282
927,11971283
928,11971284
929,11971285
930,11971286
931,11971287
932,11973839
933,11973849
934,11973850
935,11973851
936,11973852
937,11973840
938,11973841
939,11973842
940,11973843
941,11973844
942,11973845
943,11973846
944,11973847
945,11973848
946,11977284
947,11977290
948,11977291
949,11977292
950,11977293
951,11977268
952,11977269
953,11977270
954,11977271
955,11977272
956,11977273
957,11977274
958,11977275
959,11977276
960,11977277
961,11977278
962,11977279
963,11977280
964,11977281
965,11977282
966,11977283
967,11977286
968,11977287
969,11977288
970,11977289
971,11982022
972,11982027
973,11982028
974,11982029
975,11982030
976,11982024
977,11982025
978,11982026
979,11993300
980,11993301
981,11993302
982,11993303
983,11993304
984,11993305
985,11993306
986,11993307
987,11993308
988,11993309
989,11993310
990,11993311
991,11993312
992,11993313
993,11993314
994,11993315
995,11993316
996,11993317
997,11993318
998,11993319
999,11993320
1000,11993321
1001,11993322
1002,11993323
1003,11993324
1004,11993325
1005,11993326
1006,11993327
1007,11993328
1008,11993329
1009,11993330
1010,11993331
1011,11993332
1012,11993333
1013,11993334
1014,11993335
1015,11993336
1016,11993337
1017,11993338
1018,11993339
1019,11993340
1020,11993341
1021,11993342
1022,11993343
1023,11998858
1024,11998860
1025,11998855
1026,12001946
1027,12001947
1028,12001948
1029,12001949
1030,12001950
1031,12001951
1032,12001952
1033,12001953
1034,12001954
1035,12001956
1036,12001957
1037,12001958
1038,12001968
1039,12001966
1040,12001967
1041,12001969
1042,12001965
1043,12002586
1044,12002587
1045,12002588
1046,12002589
1047,12002590
1048,12002591
1049,12002592
1050,12002593
1051,12002594
1052,12002569
1053,12002570
1054,12002571
1055,12002572
1056,12002573
1057,12002574
1058,12002575
1059,12002576
1060,12002577
1061,12008698
1062,12008699
1063,12008700
1064,12008701
1065,12008702
1066,12008703
1067,12008704
1068,12008705
1069,12008706
1070,12008707
1071,12008708
1072,12008709
1073,12008710
1074,12008711
1075,12008712
1076,12008713
1077,12008714
1078,12008715
1079,12008716
1080,12008717
1081,12008718
1082,12008719
1083,12008720
1084,12033396
1085,12033397
1086,12033398
1087,12033399
1088,12033400
1089,12033401
1090,12033402
1091,12033403
1092,12033404
1093,12033405
1094,12033406
1095,12035806
1096,12035803
1097,12035805
1098,12035807
1099,12035808
1100,12035796
1101,12035797
1102,12035798
1103,12035799
1104,12035800
1105,12035801
1106,12035802
1107,12035804
1108,12049093
1109,12050839
1110,12050840
1111,12050841
1112,12050842
1113,12050843
1114,12056425
1115,12056424
1116,12056426
1117,12056427
1118,12056428
1119,12056429
1120,12056420
1121,12056422
1122,12056423
1123,12085569
1124,12085570
1125,12085571
1126,12085572
1127,12085573
1128,12085574
1129,12085575
1130,12085577
1131,12085578
1132,12119922
1133,12119946
1134,12119952
1135,12119953
1136,12119954
1137,12119955
1138,12119956
1139,12119957
1140,12119958
1141,12119959
1142,12119960
1143,12119961
1144,12119962
1145,12119963
1146,12119964
1147,12119923
1148,12119924
1149,12119925
1150,12119926
1151,12119927
1152,12119928
1153,12119929
1154,12119930
1155,12119931
1156,12119932
1157,12119933
1158,12119934
1159,12119935
1160,12125677
1161,12125678
1162,12119938
1163,12119939
1164,12119940
1165,12170628
1166,12170629
1167,12170583
1168,12170584
1169,12170585
1170,12170586
1171,12170587
1172,12170588
1173,12170589
1174,12170590
1175,12170591
1176,12170592
1177,12170593
1178,12170594
1179,12170595
1180,12170596
1181,12170597
1182,12170598
1183,12170599
1184,12170600
1185,12170601
1186,12170602
1187,12170603
1188,12170604
1189,12170605
1190,12170606
1191,12170607
1192,12170608
1193,12170609
1194,12170610
1195,12170611
1196,12170612
1197,12170613
1198,12170614
1199,12170615
1200,12170616
1201,12170617
1202,12170618
1203,12170619
1204,12170620
1205,12170621
1206,12170622
1207,12170623
1208,12170624
1209,12170625
1210,12170626
1211,12170627
1212,12192669
1213,12192674
1214,12192675
1215,12192679
1216,12192676
1217,12192677
1218,12192678
1219,12194429
1220,12194430
1221,12194431
1222,12194432
1223,12194433
1224,12194434
1225,12194435
1226,12194436
1227,12194437
1228,12194438
1229,12194439
1230,12194440
1231,12194441
1232,12206187
1233,12206176
1234,12206177
1235,12206181
1236,12206183
1237,12206184
1238,12206185
1239,12206186
1240,12206188
1241,12206189
1242,12206178
1243,12371437
1244,12387242
1245,12387243
1246,12387244
1247,12389545
1248,12389546
1249,12387245
1250,45670
1251,45671
1252,45672
1253,45673
1254,45674
1255,45675
1256,45678
1257,45679
1258,45680
1259,45681
1260,45682
1261,45683
1262,45684
1263,45685
1264,45691
1265,45692
1266,45693
1267,45694
1268,45695
1269,45696
1270,45697
1271,45702
1272,45703
1273,45704
1274,45709
1275,45711
1276,6152964
1277,6152965
1278,6152966
1279,6153047
1280,6152967
1281,6152968
1282,6152969
1283,6152970
1284,6152971
1285,6152972
1286,6086109
1287,6152973
1288,6152974
1289,6152975
1290,6152976
1291,6152977
1292,6152978
1293,6152979
1294,6152980
1295,95798
1296,45718
1297,45719
1298,45720
1299,45721
1300,45722
1301,45723
1302,45724
1303,45725
1304,45726
1305,45727
1306,45728
1307,45729
1308,45730
1309,45731
1310,45732
1311,95799
1312,45733
1313,45734
1314,6152981
1315,6152982
1316,6152983
1317,6152984
1318,6152985
1319,6152986
1320,6152987
1321,6152988
1322,6152989
1323,6152990
1324,6152991
1325,6152992
1326,45767
1327,6152995
1328,6152996
1329,6152997
1330,6152998
1331,6152999
1332,6153049
1333,6153000
1334,6153001
1335,6153002
1336,6153003
1337,6153004
1338,6153005
1339,6153006
1340,6153007
1341,6153008
1342,6153009
1343,6153010
1344,6153011
1345,6153012
1346,6153013
1347,6153014
1348,6153015
1349,6153016
1350,6153017
1351,6153018
1352,6153019
1353,6153020
1354,6153021
1355,6153022
1356,6153023
1357,45776
1358,45777
1359,45778
1360,45779
1361,45780
1362,45781
1363,45782
1364,45783
1365,45784
1366,45785
1367,45786
1368,45787
1369,45809
1370,45788
1371,45789
1372,45790
1373,45791
1374,6153043
1375,6086110
1376,6086111
1377,6153044
1378,6153045
1379,6153046
1380,95800
1381,95801
1382,95802
1383,95885
1384,95803
1385,95804
1386,95805
1387,95806
1388,95807
1389,95808
1390,95809
1391,95810
1392,95811
1393,95812
1394,95813
1395,95888
1396,6086142
1397,11537648
1398,8604447
1399,11608180
1400,11609153
1401,9103180
1402,9103181
1403,9103183
1404,9103184
1405,9082245
1406,9082246
1407,9082247
1408,9082248
1409,9082249
1410,9082250
1411,9079042
1412,9082484
1413,9148608
1414,9148609
1415,9148610
1416,9222311
1417,9222312
1418,9222313
1419,9222314
1420,9222315
1421,9222316
1422,9222317
1423,9222318
1424,9222319
1425,9222320
1426,9222321
1427,9222322
1428,9222323
1429,9222324
1430,9222325
1431,9222326
1432,9222327
1433,9222328
1434,9222329
1435,9222330
1436,9222331
1437,9222332
1438,9222333
1439,9222334
1440,9222335
1441,9222336
1442,9273408
1443,9279371
1444,9279372
1445,9279373
1446,9279374
1447,9279375
1448,9279376
1449,9279377
1450,9279378
1451,9279379
1452,9279380
1453,9279381
1454,9279382
1455,9279383
1456,9279384
1457,9279385
1458,9279386
1459,9279387
1460,9279388
1461,9279389
1462,9279390
1463,9279391
1464,9279392
1465,9279393
1466,9279394
1467,9279395
1468,9279396
1469,9279397
1470,9279398
1471,9279399
1472,9303038
1473,9303039
1474,9303040
1475,9303041
1476,9303043
1477,9303044
1478,9303045
1479,9303046
1480,9303047
1481,9303048
1482,9336612
1483,9336613
1484,9336614
1485,9336615
1486,9382617
1487,9382620
1488,9382621
1489,9382622
1490,9382624
1491,9382625
1492,9382627
1493,9336618
1494,9336619
1495,9336620
1496,9336621
1497,9336622
1498,9336623
1499,9382630
1500,9382631
1501,9382632
1502,9382633
1503,9336624
1504,9382634
1505,9336625
1506,9336626
1507,9336627
1508,9336628
1509,9336629
1510,9336630
1511,9382636
1512,9382637
1513,9382638
1514,9382639
1515,9382640
1516,9336631
1517,9336632
1518,9336633
1519,9336635
1520,9336636
1521,9336637
1522,9382641
1523,9382643
1524,9382644
1525,9336638
1526,9336639
1527,9336640
1528,9336641
1529,9336643
1530,9336644
1531,9336645
1532,9382645
1533,9382646
1534,9382647
1535,9382648
1536,9382649
1537,9382650
1538,9336647
1539,9336648
1540,9336649
1541,9336650
1542,9382651
1543,9336651
1544,9336652
1545,9336653
1546,9382652
1547,9382653
1548,9382654
1549,9382655
1550,11619449
1551,11619460
1552,9417619
1553,9417620
1554,9417621
1555,9417622
1556,9417623
1557,9417624
1558,9417625
1559,9417626
1560,9417627
1561,9417628
1562,9417618
1563,9417610
1564,9417611
1565,9417612
1566,9417613
1567,9417614
1568,9417615
1569,9417616
1570,9417617
1571,9417600
1572,9417601
1573,9417602
1574,9417603
1575,9417604
1576,9417605
1577,9417606
1578,9417607
1579,9417608
1580,9417609
1581,9417595
1582,9417598
1583,9417599
1584,9417592
1585,9417593
1586,9417594
1587,9417596
1588,9417597
1589,9463092
1590,9463093
1591,9463094
1592,9463095
1593,9463096
1594,9463097
1595,9463098
1596,9463099
1597,9463100
1598,9463101
1599,9463102
1600,9463103
1601,9537023
1602,9537024
1603,9537025
1604,9537026
1605,9537027
1606,9537028
1607,9537029
1608,9537030
1609,9537031
1610,9537032
1611,9537033
1612,9537034
1613,9537035
1614,9537036
1615,9537037
1616,9537038
1617,9537039
1618,9537040
1619,9537041
1620,9537042
1621,9537043
1622,9537044
1623,9537045
1624,9537046
1625,9537047
1626,9537048
1627,9537049
1628,9537050
1629,9537051
1630,9537052
1631,9537053
1632,9537054
1633,9537055
1634,9537056
1635,9537057
1636,9537058
1637,9537059
1638,9537060
1639,9537061
1640,9537062
1641,9537063
1642,9537064
1643,9537065
1644,9634377
1645,9697634
1646,9697635
1647,9697636
1648,9697637
1649,9697638
1650,9697639
1651,9697640
1652,9697641
1653,9697642
1654,9697644
1655,9697645
1656,9697646
1657,9697647
1658,9697648
1659,9697649
1660,9697650
1661,9697651
1662,9732745
1663,9732746
1664,9732747
1665,9732748
1666,9732749
1667,9732750
1668,9732751
1669,9732752
1670,9732753
1671,9752380
1672,9752381
1673,9752382
1674,9752383
1675,9752385
1676,9752386
1677,9752387
1678,9752388
1679,9752389
1680,9752390
1681,9760961
1682,9760962
1683,9760963
1684,9760965
1685,9760966
1686,9760968
1687,9760970
1688,9760972
1689,9760974
1690,9760976
1691,9760977
1692,9760978
1693,9760979
1694,9760980
1695,9760981
1696,9760982
1697,9762079
1698,9762080
1699,9762081
1700,9762082
1701,9762083
1702,9762084
1703,9762085
1704,9762086
1705,9762087
1706,9762088
1707,9762089
1708,9762090
1709,9762091
1710,9762092
1711,9762093
1712,9762094
1713,9762095
1714,9762096
1715,9762097
1716,9762098
1717,9762099
1718,9762100
1719,9762101
1720,9762102
1721,9762103
1722,9762104
1723,9762105
1724,9762106
1725,9762107
1726,9762108
1727,9762109
1728,9762110
1729,9762111
1730,9762112
1731,9762113
1732,9762114
1733,9762115
1734,9762116
1735,9762117
1736,9762118
1737,9762119
1738,9762120
1739,9762121
1740,9762122
1741,9762123
1742,9762124
1743,9762125
1744,9762126
1745,9762127
1746,9762128
1747,9762129
1748,9762130
1749,9762131
1750,9762132
1751,9762133
1752,9762134
1753,9762135
1754,9762136
1755,9762137
1756,9762138
1757,9762139
1758,9762140
1759,9762141
1760,9762142
1761,9762143
1762,9762144
1763,9762145
1764,9762146
1765,9762147
1766,9762148
1767,9762149
1768,9762150
1769,9762151
1770,9762152
1771,9762153
1772,9762154
1773,9762155
1774,9762156
1775,9762157
1776,11636894
1777,11540622
1778,11540786
1779,11540787
1780,11540793
1781,11540801
1782,11536551
1783,11541068
1784,11541078
1785,11541079
1786,11541082
1787,11541115
1788,9890789
1789,9890790
1790,9890791
1791,9890792
1792,10328016
1793,10328017
1794,10328018
1795,10328019
1796,10328020
1797,10328021
1798,10328022
1799,10328023
1800,10328024
1801,10328025
1802,10328026
1803,10328029
1804,10328030
1805,10328031
1806,10328032
1807,10328033
1808,10328034
1809,10328035
1810,10328036
1811,10328037
1812,10391798
1813,10465679
1814,10483461
1815,10483462
1816,10483463
1817,10483464
1818,10483465
1819,10483466
1820,10483467
1821,10483468
1822,10483469
1823,10483470
1824,10483471
1825,10483472
1826,10483473
1827,10483474
1828,10483475
1829,10483476
1830,10483477
1831,10483478
1832,10483479
1833,11541392
1834,11541552
1835,11541553
1836,11541555
1837,11541557
1838,11541558
1839,11541559
1840,11541554
1841,11541560
1842,11541561
1843,11541562
1844,11541654
1845,11541656
1846,11541658
1847,11541686
1848,11541687
1849,11541688
1850,11541689
1851,11541690
1852,11541691
1853,11541692
1854,11541693
1855,11542517
1856,11541694
1857,11541695
1858,11541696
1859,11541718
1860,11541712
1861,11541715
1862,11541716
1863,11541717
1864,11541719
1865,11541720
1866,11541722
1867,11541723
1868,11541724
1869,11541725
1870,11541698
1871,11541699
1872,11541700
1873,11541701
1874,11541702
1875,11541703
1876,11541704
1877,11541705
1878,11541706
1879,11541707
1880,11541708
1881,11541709
1882,11541710
1883,11541711
1884,11541713
1885,11541714
1886,11541556
1887,11541821
1888,11536549
1889,11536550
1890,11536552
1891,11536553
1892,11541954
1893,11542283
1894,11542284
1895,11542394
1896,11542462
1897,11542446
1898,11542459
1899,11542460
1900,11542461
1901,11542463
1902,11542464
1903,11542465
1904,11542466
1905,11542467
1906,11542440
1907,11542441
1908,11542442
1909,11542443
1910,11542444
1911,11542445
1912,11542447
1913,11542448
1914,11542449
1915,11542450
1916,11542451
1917,11542452
1918,11542453
1919,11542454
1920,11542455
1921,11542456
1922,11542457
1923,11542458
1924,10576995
1925,10576996
1926,10576997
1927,10576998
1928,10576999
1929,10577000
1930,10577001
1931,10577002
1932,10577003
1933,10603804
1934,10603805
1935,10603806
1936,10603807
1937,10603808
1938,10610436
1939,10628777
1940,10628778
1941,10628779
1942,10628780
1943,10628781
1944,10628782
1945,10628783
1946,10628784
1947,10628785
1948,10628786
1949,10628787
1950,10628788
1951,10628789
1952,10628790
1953,10628791
1954,10628792
1955,10628793
1956,10628794
1957,10628795
1958,10678306
1959,10678307
1960,10678308
1961,10678309
1962,10678310
1963,10678311
1964,10678312
1965,10678313
1966,10678314
1967,10678315
1968,10678316
1969,10678317
1970,10678318
1971,10678319
1972,10678320
1973,10678321
1974,10678322
1975,10678323
1976,10678324
1977,10678325
1978,10678326
1979,10678203
1980,10678204
1981,10678206
1982,10678207
1983,10691341
1984,10690912
1985,10690913
1986,10690914
1987,10690915
1988,10690916
1989,10690917
1990,10690918
1991,10690919
1992,10690920
1993,10690921
1994,10712011
1995,10711795
1996,10711796
1997,10711797
1998,10711798
1999,10711799
2000,10744524
2001,10755843
2002,10766567
2003,10774299
2004,10774300
2005,10774301
2006,10774302
2007,10774303
2008,10774304
2009,10774305
2010,10774307
2011,10774308
2012,10774310
2013,10774311
2014,10774312
2015,10774314
2016,10774316
2017,10774317
2018,10774318
2019,10774319
2020,10774320
2021,10774321
2022,10774322
2023,10774323
2024,10774324
2025,10774325
2026,10774326
2027,10774327
2028,10774328
2029,10774329
2030,10774330
2031,10774331
2032,10774332
2033,10774333
2034,10774334
2035,10774335
2036,10774336
2037,10774337
2038,10774338
2039,10774339
2040,10774340
2041,10774341
2042,10774342
2043,10774343
2044,10774344
2045,10774345
2046,10774346
2047,10774347
2048,10774348
2049,10774349
2050,10774350
2051,10774351
2052,10774353
2053,10774354
2054,10774355
2055,10774356
2056,10774357
2057,10774358
2058,10774359
2059,10774360
2060,10774361
2061,10774362
2062,10774363
2063,10774364
2064,10774366
2065,10774367
2066,10774368
2067,10774369
2068,10774370
2069,10774371
2070,10774372
2071,10774373
2072,10774374
2073,10774375
2074,10774376
2075,10774377
2076,10774378
2077,10774379
2078,10774380
2079,10774381
2080,10774382
2081,10774383
2082,10774384
2083,10774385
2084,10774386
2085,10774387
2086,10774388
2087,10774389
2088,10774390
2089,10774391
2090,10774392
2091,10774393
2092,10774394
2093,10774395
2094,10774396
2095,10774397
2096,10774398
2097,10774399
2098,10774400
2099,10774401
2100,10774402
2101,10774403
2102,10774404
2103,10774405
2104,10774406
2105,10774407
2106,10774408
2107,10774409
2108,10774410
2109,10774411
2110,10774412
2111,10774413
2112,10774414
2113,10774415
2114,10774416
2115,10774417
2116,10774418
2117,10774419
2118,10774420
2119,10774421
2120,10774422
2121,10774423
2122,10774424
2123,10774425
2124,10774426
2125,10774427
2126,10774428
2127,10774429
2128,10774430
2129,10774431
2130,10774432
2131,10774433
2132,10774434
2133,10774435
2134,10774436
2135,10774437
2136,10774438
2137,10774439
2138,10774441
2139,10774442
2140,10774443
2141,10774444
2142,10774445
2143,10774446
2144,10774447
2145,10774448
2146,10779276
2147,10779277
2148,10779278
2149,10779279
2150,10779280
2151,10779281
2152,10779282
2153,10779283
2154,10779284
2155,10779288
2156,10779289
2157,10779290
2158,10779291
2159,10779292
2160,10779293
2161,10779294
2162,10779295
2163,10779296
2164,10779297
2165,10779298
2166,10779302
2167,10779303
2168,10779304
2169,10779305
2170,10779306
2171,10779307
2172,10779308
2173,10779309
2174,10779310
2175,10779311
2176,10780886
2177,10780887
2178,10780888
2179,10780889
2180,10780890
2181,10780891
2182,10780892
2183,10780893
2184,10780894
2185,10780895
2186,10780896
2187,10798855
2188,10822462
2189,10822463
2190,10822464
2191,10822465
2192,10822466
2193,10822467
2194,10822468
2195,10838991
2196,10838993
2197,10838994
2198,10838996
2199,10838997
2200,10870468
2201,10870469
2202,10870470
2203,10870471
2204,10870472
2205,10870473
2206,10870474
2207,10870475
2208,10872392
2209,10872393
2210,10872394
2211,10872395
2212,10872396
2213,10872397
2214,10872398
2215,10872399
2216,10872400
2217,10872401
2218,10872402
2219,10872403
2220,10872404
2221,10872405
2222,10872406
2223,10872407
2224,10872408
2225,10872409
2226,10874487
2227,10874488
2228,10884858
2229,10884859
2230,10884860
2231,10884861
2232,10884862
2233,10889624
2234,10889625
2235,10889626
2236,10889627
2237,10889628
2238,10889629
2239,10889630
2240,10889632
2241,10895733
2242,10895734
2243,10895735
2244,10895736
2245,10895737
2246,10895738
2247,10895739
2248,10905956
2249,10969622
2250,10969623
2251,10969624
2252,10969625
2253,10969626
2254,10969627
2255,10969628
2256,10969629
2257,10969630
2258,10969631
2259,10969632
2260,10969633
2261,10969634
2262,11067185
2263,11067182
2264,11067183
2265,11067184
2266,11067186
2267,11067187
2268,11067188
2269,11067189
2270,11067179
2271,11067180
2272,11067181
2273,10994443
2274,10994444
2275,10994445
2276,10994446
2277,10994447
2278,10994448
2279,10994449
2280,10994450
2281,10994451
2282,10994452
2283,10994453
2284,10994454
2285,10994455
2286,10994456
2287,10994457
2288,10994458
2289,10994459
2290,10994460
2291,10994461
2292,11001594
2293,11001749
2294,11002801
2295,11002802
2296,11002803
2297,11002804
2298,11002805
2299,11002806
2300,11002807
2301,11002808
2302,11002809
2303,11002810
2304,11002811
2305,11002812
2306,11002813
2307,11002814
2308,11002815
2309,11002816
2310,11002817
2311,11002818
2312,11002819
2313,11002820
2314,11002821
2315,11002822
2316,11002823
2317,11002824
2318,11002825
2319,11002826
2320,11002827
2321,11032544
2322,11039035
2323,11039036
2324,11039037
2325,11039038
2326,11039039
2327,11039040
2328,11039041
2329,11039042
2330,11039043
2331,11039044
2332,11039045
2333,11039046
2334,11039047
2335,11039048
2336,11039049
2337,11039050
2338,11039051
2339,11039053
2340,11039054
2341,11039055
2342,11039056
2343,11039057
2344,11039058
2345,11039059
2346,11039060
2347,11039061
2348,11039062
2349,11039063
2350,11039064
2351,11039065
2352,11039066
2353,11039067
2354,11039068
2355,11039069
2356,11039070
2357,11100205
2358,11100206
2359,11100207
2360,11100208
2361,11100209
2362,11100212
2363,11100213
2364,11100214
2365,11100215
2366,11100216
2367,11100217
2368,11100218
2369,11100219
2370,11100220
2371,11100223
2372,11100224
2373,11100225
2374,11100226
2375,11100227
2376,11100228
2377,11100229
2378,11100230
2379,11100231
2380,11100232
2381,11100233
2382,11100234
2383,11100235
2384,11100237
2385,11100238
2386,10607126
2387,11542642
2388,9953956
2389,11538014
2390,11538018
2391,11538011
2392,11538012
2393,11538013
2394,11538016
2395,11542660
2396,11542719
2397,11542729
2398,11542730
2399,11542731
2400,11542732
2401,11542734
2402,11542735
2403,11542736
2404,11542733
2405,11542765
2406,11542764
2407,11542763
2408,11537385
2409,11537388
2410,11537393
2411,11537379
2412,11537380
2413,11537381
2414,11537383
2415,11537384
2416,11537386
2417,11540060
2418,11540061
2419,11542823
2420,11542826
2421,11542824
2422,11542825
2423,11542827
2424,11542828
2425,11542829
2426,11539741
2427,11542830
2428,11542831
2429,11542832
2430,11542833
2431,11542835
2432,11542836
2433,11542837
2434,11542838
2435,11542839
2436,11542841
2437,11542840
2438,11542842
2439,11542843
2440,11542844
2441,11542845
2442,11537267
2443,11537273
2444,11537269
2445,11537272
2446,11537274
2447,11537275
2448,11537276
2449,11537277
2450,11537279
2451,11537258
2452,11537262
2453,11537264
2454,11537248
2455,11537212
2456,11537217
2457,11537220
2458,11537226
2459,11537241
2460,11537244
2461,11537245
2462,11537246
2463,11537247
2464,11537250
2465,11537251
2466,11537252
2467,11537209
2468,11537210
2469,11537211
2470,11537214
2471,11537218
2472,11537249
2473,11537216
2474,11537219
2475,11537221
2476,11537223
2477,11537225
2478,11537228
2479,11537229
2480,11537230
2481,11537233
2482,11537238
2483,11537240
2484,11538154
2485,11538132
2486,11538141
2487,11538152
2488,11538155
2489,11538156
2490,11538158
2491,11538159
2492,11538161
2493,11538162
2494,11538127
2495,11538134
2496,11538135
2497,11538136
2498,11538138
2499,11538139
2500,11538142
2501,11538144
2502,11538146
2503,11538147
2504,11538148
2505,11538149
2506,11538150
2507,11538157
2508,11536508
2509,11542921
2510,11536656
2511,11536657
2512,11536658
2513,11542955
2514,11542956
2515,11542958
2516,11542957
2517,11542959
2518,11542968
2519,11542971
2520,11539641
2521,11539616
2522,11539621
2523,11539627
2524,11539639
2525,11539643
2526,11539644
2527,11539645
2528,11539646
2529,11539647
2530,11539648
2531,11539649
2532,11539650
2533,11539615
2534,11539618
2535,11539619
2536,11539620
2537,11539623
2538,11539624
2539,11539625
2540,11539628
2541,11539630
2542,11539631
2543,11539632
2544,11539637
2545,11539636
2546,11542212
2547,11536511
2548,11536519
2549,11536605
2550,11536606
2551,11536602
2552,11536569
2553,11536568
2554,11543155
2555,11540062
2556,11543206
2557,11543293
2558,11543205
2559,11543319
2560,11543204
2561,11543351
2562,11542834
2563,11543357
2564,11543388
2565,11537757
2566,11536566
2567,11536564
2568,11537309
2569,11537287
2570,11537294
2571,11537314
2572,11537315
2573,11537316
2574,11537317
2575,11537318
2576,11537319
2577,11537282
2578,11537283
2579,11537286
2580,11537288
2581,11537289
2582,11537290
2583,11537291
2584,11537292
2585,11537293
2586,11537295
2587,11537296
2588,11537297
2589,11537299
2590,11537300
2591,11537301
2592,11537302
2593,11537303
2594,11537304
2595,11537313
2596,11543552
2597,11543563
2598,11188601
2599,11188602
2600,11188603
2601,11188604
2602,11188605
2603,11188606
2604,11188596
2605,11188597
2606,11188598
2607,11188599
2608,11188591
2609,11188592
2610,11188593
2611,11188594
2612,11188589
2613,11188590
2614,11188584
2615,11188581
2616,11188582
2617,11188583
2618,11188585
2619,11188586
2620,11188587
2621,11188588
2622,11218443
2623,11218444
2624,11218433
2625,11218434
2626,11218435
2627,11218438
2628,11218439
2629,11218440
2630,11218441
2631,11271231
2632,11271338
2633,11271178
2634,11271189
2635,11271207
2636,11271222
2637,11271239
2638,11271254
2639,11271273
2640,11271292
2641,11271297
2642,11271312
2643,11271328
2644,11271339
2645,11271340
2646,11271341
2647,11271342
2648,11271343
2649,11271344
2650,11271345
2651,11271346
2652,11271175
2653,11271176
2654,11271177
2655,11271179
2656,11271180
2657,11271181
2658,11271182
2659,11271183
2660,11271184
2661,11271185
2662,11271186
2663,11271187
2664,11271188
2665,11271190
2666,11271191
2667,11271192
2668,11271193
2669,11271194
2670,11271195
2671,11271196
2672,11271197
2673,11271198
2674,11271199
2675,11271200
2676,11271201
2677,11271202
2678,11271203
2679,11271204
2680,11271205
2681,11271206
2682,11271208
2683,11271209
2684,11271210
2685,11271211
2686,11271212
2687,11271213
2688,11271214
2689,11271215
2690,11271217
2691,11271218
2692,11271219
2693,11271220
2694,11271221
2695,11271223
2696,11271224
2697,11271225
2698,11271226
2699,11271227
2700,11271228
2701,11271229
2702,11271230
2703,11271232
2704,11271233
2705,11271234
2706,11271235
2707,11271236
2708,11271237
2709,11271238
2710,11271240
2711,11271241
2712,11271242
2713,11271243
2714,11271244
2715,11271245
2716,11271246
2717,11271247
2718,11271248
2719,11271249
2720,11271250
2721,11271251
2722,11271252
2723,11271253
2724,11271255
2725,11271256
2726,11271257
2727,11271258
2728,11271259
2729,11271260
2730,11271261
2731,11271262
2732,11271263
2733,11271264
2734,11271265
2735,11271266
2736,11271267
2737,11271268
2738,11271269
2739,11271270
2740,11271271
2741,11271272
2742,11271274
2743,11271275
2744,11271276
2745,11271277
2746,11271278
2747,11271279
2748,11271280
2749,11271281
2750,11271282
2751,11271283
2752,11271284
2753,11271285
2754,11271286
2755,11271287
2756,11271288
2757,11271289
2758,11271290
2759,11271291
2760,11271293
2761,11271294
2762,11271295
2763,11271296
2764,11271298
2765,11271299
2766,11271300
2767,11271301
2768,11271302
2769,11271303
2770,11271304
2771,11271305
2772,11271306
2773,11271307
2774,11271308
2775,11271309
2776,11271310
2777,11271311
2778,11271313
2779,11271314
2780,11271315
2781,11271316
2782,11271317
2783,11271318
2784,11271319
2785,11271320
2786,11271321
2787,11271322
2788,11271323
2789,11271324
2790,11271325
2791,11271326
2792,11271327
2793,11271329
2794,11271330
2795,11271331
2796,11271332
2797,11271333
2798,11271334
2799,11271335
2800,11271336
2801,11271337
2802,11270516
2803,11270517
2804,11270518
2805,11270519
2806,11304906
2807,11304907
2808,11304908
2809,11304909
2810,11304910
2811,11304911
2812,11304912
2813,11304913
2814,11394411
2815,11407398
2816,11407414
2817,11407413
2818,11419479
2819,11419485
2820,11446384
2821,11453089
2822,11453097
2823,11453085
2824,11453086
2825,11453087
2826,11453088
2827,11453090
2828,11453091
2829,11453092
2830,11453093
2831,11453094
2832,11453095
2833,11453096
2834,11455966
2835,11478312
2836,11478313
2837,11478314
2838,11478315
2839,11478316
2840,11478317
2841,11488298
2842,11478318
2843,11478319
2844,11478320
2845,11478321
2846,11478322
2847,11486795
2848,11488301
2849,11491128
2850,11491129
2851,11494985
2852,11527109
2853,11527110
2854,11527127
2855,11527132
2856,11527133
2857,11527134
2858,11527135
2859,11527136
2860,11527137
2861,11527138
2862,11527139
2863,11527140
2864,11527141
2865,11527142
2866,11527143
2867,11527144
2868,11527111
2869,11527112
2870,11527113
2871,11527114
2872,11527115
2873,11527116
2874,11527117
2875,11527118
2876,11527119
2877,11527120
2878,11534531
2879,11527121
2880,11527122
2881,11527123
2882,11527124
2883,11527125
2884,11527126
2885,11527128
2886,11527129
2887,11527130
2888,11527131
2889,11545113
2890,11547805
2891,11548220
2892,11548221
2893,11548222
2894,11548223
2895,11548224
2896,11548225
2897,11548232
2898,11548233
2899,11548226
2900,11548227
2901,11548228
2902,11548229
2903,11548230
2904,11550674
2905,11550675
2906,11550676
2907,11550677
2908,11550678
2909,11550679
2910,11550680
2911,11550681
2912,11550707
2913,11550708
2914,11550709
2915,11550710
2916,11550711
2917,11550712
2918,11550713
2919,11550714
2920,11550715
2921,11570397
2922,11699493
2923,11958145
2924,11589234
2925,11592291
2926,11592292
2927,11592293
2928,11592294
2929,11640537
2930,11640270
2931,11639215
2932,11639890
2933,11639217
2934,11639219
2935,11639220
2936,11639221
2937,11639229
2938,11639230
2939,11639231
2940,11639232
2941,11639248
2942,11639249
2943,11639256
2944,11639259
2945,11639260
2946,11639903
2947,11639265
2948,11639266
2949,11639267
2950,11639268
2951,11613485
2952,11639269
2953,11639270
2954,11639284
2955,11639285
2956,11639286
2957,11639287
2958,11639288
2959,11639290
2960,11639295
2961,11639296
2962,11639298
2963,11639313
2964,11639315
2965,11640295
2966,11640297
2967,11640298
2968,11639320
2969,11639322
2970,11639325
2971,11639326
2972,11639327
2973,11639328
2974,11639330
2975,11639331
2976,11639332
2977,11639333
2978,11640566
2979,11640567
2980,11640569
2981,11640570
2982,11639335
2983,11640571
2984,11639336
2985,11639343
2986,11640303
2987,11640305
2988,11613491
2989,11640313
2990,11639358
2991,11639360
2992,11639361
2993,11640576
2994,11639363
2995,11639366
2996,11639367
2997,11639369
2998,11639371
2999,11639372
3000,11639373
3001,11639374
3002,11639376
3003,11639385
3004,11639386
3005,11640589
3006,11640590
3007,11640591
3008,11640594
3009,11640595
3010,11640596
3011,11640597
3012,11640598
3013,11640599
3014,11640601
3015,11640603
3016,11640604
3017,11640606
3018,11640607
3019,11639389
3020,11639390
3021,11640610
3022,11639396
3023,11639404
3024,11639407
3025,11639408
3026,11639409
3027,11639410
3028,11639415
3029,11639416
3030,11639420
3031,11639422
3032,11639424
3033,11639425
3034,11639426
3035,11639427
3036,11639428
3037,11639431
3038,11640334
3039,11640621
3040,11640626
3041,11639436
3042,11639437
3043,11639442
3044,11639443
3045,11639445
3046,11639446
3047,11640338
3048,11640339
3049,11640340
3050,11639447
3051,11639449
3052,11639451
3053,11639452
3054,11639453
3055,11639455
3056,11639457
3057,11639460
3058,11639464
3059,11615243
3060,11615244
3061,11615247
3062,11615252
3063,11639465
3064,11640344
3065,11640345
3066,11639469
3067,11639470
3068,11639473
3069,11639474
3070,11639475
3071,11639476
3072,11639479
3073,11639480
3074,11624898
3075,11624901
3076,11624902
3077,11624907
3078,11624909
3079,11624910
3080,11624911
3081,11639482
3082,11639486
3083,11639979
3084,11639986
3085,11640643
3086,11640644
3087,11640646
3088,11640647
3089,11639490
3090,11639491
3091,11639493
3092,11640663
3093,11639502
3094,11639503
3095,11639504
3096,11639505
3097,11639507
3098,11639508
3099,11639509
3100,11639511
3101,11639513
3102,11639514
3103,11639515
3104,11639516
3105,11639517
3106,11639518
3107,11639519
3108,11639524
3109,11640673
3110,11639529
3111,11640678
3112,11639534
3113,11640692
3114,11639536
3115,11639537
3116,11639539
3117,11639541
3118,11639546
3119,11623304
3120,11623310
3121,11623312
3122,11608812
3123,11608813
3124,11608814
3125,11608816
3126,11608817
3127,11608819
3128,11640693
3129,11639566
3130,11639568
3131,11639571
3132,11639572
3133,11640379
3134,11640385
3135,11640387
3136,11640391
3137,11640393
3138,11640696
3139,11640697
3140,11639580
3141,11639583
3142,11639587
3143,11639588
3144,11639591
3145,11639592
3146,11639593
3147,11639594
3148,11640700
3149,11640701
3150,11640491
3151,11639621
3152,11639622
3153,11639623
3154,11639625
3155,11639626
3156,11640403
3157,11640411
3158,11640418
3159,11640421
3160,11640423
3161,11639668
3162,11639673
3163,11639674
3164,11639675
3165,11639686
3166,11639697
3167,11639698
3168,11639699
3169,11639701
3170,11639702
3171,11639704
3172,11639707
3173,11639711
3174,11639712
3175,11639713
3176,11639714
3177,11639715
3178,11639716
3179,11639717
3180,11639723
3181,11639724
3182,11639727
3183,11639728
3184,11639731
3185,11625836
3186,11625837
3187,11625839
3188,11640727
3189,11640740
3190,11640750
3191,11640757
3192,11639838
3193,11639839
3194,11639840
3195,11639847
3196,11639214
3197,11640268
3198,11639204
3199,11639209
3200,11639211
3201,11639213
3202,11639861
3203,11639862
3204,11639865
3205,11639867
3206,11615253
3207,11615257
3208,11615258
3209,11615260
3210,11615262
3211,11639870
3212,11639875
3213,11639881
3214,11639883
3215,11639885
3216,11639887
3217,11639892
3218,11639228
3219,11615264
3220,11615266
3221,11615270
3222,11639237
3223,11639239
3224,11639240
3225,11639241
3226,11639242
3227,11639250
3228,11639257
3229,11639901
3230,11639928
3231,11639316
3232,11639329
3233,11640568
3234,11640802
3235,11640803
3236,11639947
3237,11639948
3238,11639342
3239,11639344
3240,11640308
3241,11640475
3242,11640476
3243,11640477
3244,11640478
3245,11640479
3246,11639368
3247,11639375
3248,11639950
3249,11640809
3250,11639393
3251,11639394
3252,11639401
3253,11639402
3254,11639411
3255,11639414
3256,11639953
3257,11639955
3258,11639956
3259,11639429
3260,11640329
3261,11640623
3262,11640627
3263,11640628
3264,11640629
3265,11640630
3266,11639959
3267,11639454
3268,11639960
3269,11639961
3270,11639459
3271,11639461
3272,11639462
3273,11639463
3274,11615248
3275,11639974
3276,11630205
3277,11639975
3278,11639477
3279,11640823
3280,11624905
3281,11624906
3282,11639481
3283,11639485
3284,11639984
3285,11639985
3286,11639990
3287,11639992
3288,11640641
3289,11639496
3290,11640656
3291,11640661
3292,11639523
3293,11639528
3294,11639530
3295,11639998
3296,11639999
3297,11640353
3298,11639535
3299,11640011
3300,11640012
3301,11640013
3302,11640014
3303,11639547
3304,11623302
3305,11623314
3306,11623316
3307,11640021
3308,11608815
3309,11608818
3310,11639564
3311,11640694
3312,11640380
3313,11640381
3314,11640024
3315,11640025
3316,11640826
3317,11640384
3318,11640386
3319,11640389
3320,11640390
3321,11640392
3322,11639578
3323,11639579
3324,11639584
3325,11639595
3326,11639596
3327,11639600
3328,11640702
3329,11640828
3330,11640482
3331,11640483
3332,11640485
3333,11640486
3334,11640487
3335,11640490
3336,11640032
3337,11640402
3338,11640429
3339,11640426
3340,11639667
3341,11639669
3342,11639671
3343,11639677
3344,11639678
3345,11640829
3346,11640831
3347,11639687
3348,11639700
3349,11639705
3350,11639706
3351,11639718
3352,11639720
3353,11639721
3354,11639722
3355,11640739
3356,11640059
3357,11640751
3358,11640756
3359,11640759
3360,11639845
3361,11639846
3362,11640333
3363,11623300
3364,11623306
3365,11623308
3366,11639586
3367,11640074
3368,11639666
3369,11639703
3370,11639708
3371,11639709
3372,11639710
3373,11639719
3374,11640801
3375,11640306
3376,11640575
3377,11639365
3378,11640407
3379,11640077
3380,11640079
3381,11640080
3382,11640081
3383,11640082
3384,11640084
3385,11640086
3386,11640087
3387,11640088
3388,11640090
3389,11640091
3390,11640093
3391,11640094
3392,11640095
3393,11640096
3394,11640098
3395,11640099
3396,11640100
3397,11640102
3398,11640104
3399,11640105
3400,11640106
3401,11640107
3402,11640108
3403,11640109
3404,11640112
3405,11640113
3406,11640114
3407,11640115
3408,11640116
3409,11640117
3410,11640118
3411,11640120
3412,11640122
3413,11640124
3414,11640125
3415,11640126
3416,11640127
3417,11640128
3418,11640129
3419,11640130
3420,11640132
3421,11640133
3422,11640134
3423,11640135
3424,11640137
3425,11640139
3426,11640140
3427,11640141
3428,11640142
3429,11640143
3430,11640145
3431,11640146
3432,11640147
3433,11640148
3434,11640149
3435,11640150
3436,11640152
3437,11640153
3438,11640154
3439,11640155
3440,11640156
3441,11640157
3442,11640159
3443,11640160
3444,11640161
3445,11640162
3446,11640163
3447,11640165
3448,11640166
3449,11640167
3450,11640168
3451,11640170
3452,11640171
3453,11620588
3454,11620589
3455,11620590
3456,11620591
3457,11620592
3458,11620594
3459,11639258
3460,11640560
3461,11640296
3462,11640310
3463,11639359
3464,11640592
3465,11640600
3466,11639423
3467,11624903
3468,11639510
3469,11639521
3470,11639542
3471,11640695
3472,11639589
3473,11639599
3474,11625840
3475,11640797
3476,11639227
3477,11639902
3478,11639321
3479,11639430
3480,11624908
3481,11639543
3482,11640388
3483,11639585
3484,11640752
3485,11640078
3486,11640085
3487,11640092
3488,11640097
3489,11640103
3490,11640131
3491,11640151
3492,11640158
3493,11640164
3494,11640854
3495,11639203
3496,11639297
3497,11639380
3498,11640605
3499,11615245
3500,11639468
3501,11639581
3502,11640734
3503,11639878
3504,11639917
3505,11640572
3506,11640031
3507,11640445
3508,11639676
3509,11639582
3510,11640111
3511,11640123
3512,11640136
3513,11640169
3514,11620595
3515,11607048
3516,11607049
3517,11607050
3518,11607051
3519,11607052
3520,11607053
3521,11607078
3522,11607079
3523,11607080
3524,11607081
3525,11607082
3526,11607083
3527,11607084
3528,11607085
3529,11607086
3530,11607087
3531,11607088
3532,11607089
3533,11607090
3534,11607091
3535,11607092
3536,11607093
3537,11607094
3538,11607095
3539,11607096
3540,11607097
3541,11607098
3542,11607099
3543,11607100
3544,11607101
3545,11607102
3546,11607103
3547,11607104
3548,11607105
3549,11607106
3550,11607107
3551,11607055
3552,11607056
3553,11607057
3554,11607058
3555,11607059
3556,11607060
3557,11607108
3558,11607109
3559,11607110
3560,11607111
3561,11607112
3562,11607113
3563,11607114
3564,11607115
3565,11607116
3566,11607117
3567,11607118
3568,11607119
3569,11607120
3570,11607121
3571,11607122
3572,11607123
3573,11607124
3574,11607130
3575,11607131
3576,11607132
3577,11607133
3578,11607135
3579,11607136
3580,11607137
3581,11607138
3582,11607139
3583,11607061
3584,11607062
3585,11607063
3586,11607064
3587,11607065
3588,11607066
3589,11607067
3590,11607068
3591,11607069
3592,11607070
3593,11607071
3594,11607073
3595,11607074
3596,11607075
3597,11607076
3598,11607077
3599,11607140
3600,11607141
3601,11607142
3602,11607143
3603,11607144
3604,11607145
3605,11607180
3606,11607181
3607,11607182
3608,11607186
3609,11607187
3610,11607188
3611,11607189
3612,11607190
3613,11607191
3614,11607192
3615,11607193
3616,11607194
3617,11607195
3618,11607196
3619,11607197
3620,11607198
3621,11607199
3622,11607200
3623,11607201
3624,11607202
3625,11607203
3626,11607204
3627,11607205
3628,11607206
3629,11607207
3630,11607208
3631,11607209
3632,11607210
3633,11607211
3634,11607212
3635,11607213
3636,11607214
3637,11607215
3638,11607216
3639,11607218
3640,11607219
3641,11607146
3642,11607147
3643,11607148
3644,11607220
3645,11607221
3646,11607222
3647,11607223
3648,11607224
3649,11607225
3650,11607226
3651,11607227
3652,11607228
3653,11607229
3654,11607230
3655,11607231
3656,11607232
3657,11607233
3658,11607234
3659,11607240
3660,11607241
3661,11607242
3662,11607243
3663,11607244
3664,11607245
3665,11607246
3666,11607247
3667,11607149
3668,11607150
3669,11607151
3670,11607152
3671,11607153
3672,11607154
3673,11607155
3674,11607156
3675,11607157
3676,11607158
3677,11607159
3678,11607160
3679,11607161
3680,11607162
3681,11607163
3682,11607164
3683,11607165
3684,11607166
3685,11607167
3686,11607168
3687,11607169
3688,11607170
3689,11607171
3690,11607172
3691,11607173
3692,11607174
3693,11607175
3694,11607176
3695,11607177
3696,11607178
3697,11607179
3698,11607248
3699,11607249
3700,11607292
3701,11607294
3702,11607295
3703,11607296
3704,11607297
3705,11607298
3706,11607299
3707,11607300
3708,11607301
3709,11607302
3710,11607303
3711,11607304
3712,11607305
3713,11607306
3714,11607307
3715,11607308
3716,11607309
3717,11607310
3718,11607311
3719,11607312
3720,11607313
3721,11607314
3722,11607315
3723,11607318
3724,11607319
3725,11607320
3726,11607321
3727,11607322
3728,11607323
3729,11607324
3730,11607325
3731,11607326
3732,11607327
3733,11607328
3734,11607329
3735,11607330
3736,11607250
3737,11607251
3738,11607252
3739,11607331
3740,11607332
3741,11607333
3742,11607334
3743,11607335
3744,11607336
3745,11607337
3746,11607338
3747,11607339
3748,11607340
3749,11607341
3750,11607342
3751,11607343
3752,11607344
3753,11607253
3754,11607254
3755,11607256
3756,11607257
3757,11607258
3758,11607259
3759,11607260
3760,11607261
3761,11607262
3762,11607263
3763,11607264
3764,11607265
3765,11607266
3766,11607267
3767,11607268
3768,11607269
3769,11607270
3770,11607271
3771,11607272
3772,11607273
3773,11607274
3774,11607275
3775,11607276
3776,11607277
3777,11607278
3778,11607279
3779,11607280
3780,11607281
3781,11607282
3782,11607283
3783,11607284
3784,11607286
3785,11607287
3786,11607288
3787,11607289
3788,11607290
3789,11607291
3790,11607345
3791,11607346
3792,11607380
3793,11607381
3794,11607382
3795,11607383
3796,11607384
3797,11607385
3798,11607386
3799,11607387
3800,11607388
3801,11607389
3802,11607390
3803,11607391
3804,11607392
3805,11607393
3806,11607394
3807,11607395
3808,11607396
3809,11607397
3810,11607398
3811,11607399
3812,11607400
3813,11607401
3814,11607402
3815,11607403
3816,11607404
3817,11607405
3818,11607406
3819,11607407
3820,11607408
3821,11607409
3822,11607410
3823,11607411
3824,11607412
3825,11607413
3826,11607414
3827,11607415
3828,11607416
3829,11607417
3830,11607418
3831,11607419
3832,11607420
3833,11607421
3834,11607422
3835,11607423
3836,11607424
3837,11607425
3838,11607426
3839,11607427
3840,11607347
3841,11607348
3842,11607349
3843,11607350
3844,11607351
3845,11607352
3846,11607353
3847,11607354
3848,11607355
3849,11607356
3850,11607428
3851,11607429
3852,11607430
3853,11607431
3854,11607432
3855,11607433
3856,11607434
3857,11607435
3858,11607436
3859,11607437
3860,11607438
3861,11607439
3862,11607440
3863,11607441
3864,11607442
3865,11607443
3866,11607444
3867,11607445
3868,11607446
3869,11607447
3870,11607357
3871,11607358
3872,11607359
3873,11607360
3874,11607361
3875,11607362
3876,11607363
3877,11607365
3878,11607366
3879,11607367
3880,11607368
3881,11607369
3882,11607371
3883,11607372
3884,11607373
3885,11607374
3886,11607375
3887,11607376
3888,11607377
3889,11607378
3890,11607379
3891,11607448
3892,11607449
3893,11607450
3894,11607471
3895,11607472
3896,11607473
3897,11607474
3898,11607475
3899,11607476
3900,11607477
3901,11607478
3902,11607479
3903,11607480
3904,11607481
3905,11607482
3906,11607483
3907,11607484
3908,11607485
3909,11607486
3910,11607487
3911,11607488
3912,11607489
3913,11607490
3914,11607491
3915,11607492
3916,11607493
3917,11607494
3918,11607495
3919,11607451
3920,11607496
3921,11607497
3922,11607498
3923,11607499
3924,11607500
3925,11607501
3926,11607502
3927,11607503
3928,11607504
3929,11607452
3930,11607453
3931,11607454
3932,11607455
3933,11607456
3934,11607457
3935,11607458
3936,11607459
3937,11607460
3938,11607461
3939,11607462
3940,11607463
3941,11607464
3942,11607465
3943,11607466
3944,11607467
3945,11607468
3946,11607469
3947,11607470
3948,11681323
3949,11681331
3950,11681399
3951,11681400
3952,11681401
3953,11681402
3954,11681403
3955,11681404
3956,11706416
3957,11706417
3958,11706418
3959,11706419
3960,11706420
3961,11706421
3962,11706422
3963,11706423
3964,11706425
3965,11706426
3966,11706427
3967,11706428
3968,11706429
3969,11708362
3970,11759720
3971,11760760
3972,11760762
3973,11767314
3974,11767315
3975,11767316
3976,11767317
3977,11767318
3978,11767319
3979,11769261
3980,11767320
3981,11767420
3982,11767421
3983,11767422
3984,11767423
3985,11767424
3986,11767425
3987,11767426
3988,11767427
3989,11767428
3990,11767429
3991,11767430
3992,11769753
3993,11769754
3994,11774881
3995,11862942
3996,11816061
3997,11816062
3998,11816202
3999,11816222
4000,11819869
4001,11819870
4002,11819978
4003,11819983
4004,11819984
4005,11819985
4006,11819986
4007,11819987
4008,11819988
4009,11819981
4010,11819982
4011,11819989
4012,11819990
4013,11819994
4014,11819995
4015,11819997
4016,11819998
4017,11820000
4018,11820001
4019,11820003
4020,11820004
4021,11820006
4022,11820007
4023,11820009
4024,11820010
4025,11820011
4026,11820012
4027,11820013
4028,11820014
4029,11820015
4030,11820016
4031,11820017
4032,11820018
4033,11820131
4034,11820132
4035,11820133
4036,11820134
4037,11820135
4038,11820136
4039,11820137
4040,11822027
4041,11822028
4042,11822029
4043,11822030
4044,11822031
4045,11822032
4046,11822033
4047,11822036
4048,11822040
4049,11822043
4050,11822044
4051,11822046
4052,11822047
4053,11822049
4054,11822120
4055,11822121
4056,11822123
4057,11822125
4058,11822127
4059,11822129
4060,11822130
4061,11822131
4062,11822132
4063,11822139
4064,11822141
4065,11822142
4066,11822144
4067,11822145
4068,11822146
4069,11822149
4070,11822151
4071,11885531
4072,11885532
4073,11885533
4074,11885534
4075,11885535
4076,11885536
4077,11885537
4078,11885538
4079,11885539
4080,11885540
4081,11885541
4082,11885542
4083,11894806
4084,11894807
4085,11829020
