10774304, 0.41
10774329, 0.41
10774434, 0.41
11396506, 0.38
11639901, 0.38
6086142, 0.35
9222331, 0.35
10774427, 0.35
12371437, 0.33
10774405, 0.33
11639428, 0.33
10774302, 0.32
10774340, 0.32
10774354, 0.32
95799, 0.3
9732749, 0.29
11639386, 0.28
11640025, 0.26
9537042, 0.25
11219860, 0.24
11344570, 0.24
6152971, 0.24
45719, 0.24
11543111, 0.23
12033401, 0.23
10994433, 0.22
9732747, 0.22
11640158, 0.22
10697473, 0.21
11894939, 0.21
9732751, 0.21
11822032, 0.21
11894806, 0.21
11892815, 0.2
11894898, 0.2
11894933, 0.2
95885, 0.2
11039062, 0.2
11542807, 0.19
11543115, 0.19
11452385, 0.19
11452389, 0.19
11452880, 0.19
11892816, 0.19
12050843, 0.19
12170602, 0.19
9732752, 0.19
9732753, 0.19
9752389, 0.19
9760966, 0.19
