9918039, 4.67
8952400, 4.62
8017772, 4.26
10371977, 4.26
8624862, 4.12
9915644, 4.05
10840731, 3.85
11873658, 3.85
7534669, 3.85
9803376, 3.85
10196535, 3.85
12669646, 3.85
8532878, 3.7800000000000002
11031985, 3.7800000000000002
11311581, 3.7800000000000002
11554301, 3.7800000000000002
11698674, 3.7800000000000002
8657652, 3.7800000000000002
9001575, 3.7800000000000002
9579166, 3.7800000000000002
10417372, 3.7800000000000002
12501845, 3.7800000000000002
12958444, 3.6300000000000003
10094568, 3.56
12370630, 3.5
7777762, 3.5
8558636, 3.5
9246123, 3.5
10029013, 3.5
11385435, 3.46
10915876, 3.3600000000000003
8805281, 3.3600000000000003
8131095, 3.3200000000000003
8004968, 3.3200000000000003
10973081, 3.3200000000000003
11898435, 3.3200000000000003
7895510, 3.3200000000000003
8659192, 3.3200000000000003
9056940, 3.3200000000000003
12355841, 3.3200000000000003
11688377, 3.3200000000000003
7956069, 3.2899999999999996
8287470, 3.24
8078817, 3.24
7935809, 3.24
7938553, 3.24
7973626, 3.24
7801120, 3.24
11074359, 3.24
11265291, 3.24
11339207, 3.24
9097721, 3.19
8073527, 3.18
7915707, 3.18
8086219, 3.18
10641761, 3.18
10652473, 3.18
10786770, 3.18
10933579, 3.18
11137608, 3.18
11180739, 3.18
11396337, 3.18
12091902, 3.18
12324647, 3.18
8589703, 3.18
8596575, 3.18
8640212, 3.18
8980220, 3.18
9171817, 3.18
9384536, 3.18
9513501, 3.18
9917260, 3.18
10392160, 3.18
12415273, 3.18
12495925, 3.18
11983558, 3.18
12610278, 3.18
12788404, 3.18
12804550, 3.18
10819500, 3.16
8525661, 3.16
8264794, 3.16
9687231, 3.12
7883989, 3.06
8646592, 3.06
11021197, 3.0100000000000002
7504924, 3.0000000000000004
7507352, 3.0000000000000004
8041266, 3.0000000000000004
7988086, 3.0000000000000004
7825925, 3.0000000000000004
10967689, 3.0000000000000004
7563654, 3.0000000000000004
8602733, 3.0000000000000004
8608714, 3.0000000000000004
8729334, 3.0000000000000004
9035068, 3.0000000000000004
9105788, 3.0000000000000004
9379961, 3.0000000000000004
9635400, 3.0000000000000004
