8078555, 4.88
8017772, 4.7299999999999995
10371977, 4.7299999999999995
9918039, 4.67
8952400, 4.62
12370630, 4.42
7777762, 4.42
8558636, 4.42
9246123, 4.42
10029013, 4.42
10887456, 4.26
10983166, 4.26
11484308, 4.26
8552689, 4.26
8596375, 4.26
9192322, 4.26
9544082, 4.26
8624862, 4.12
11645319, 4.09
10325750, 4.09
11385435, 4.07
9915644, 4.05
11688377, 3.93
10840731, 3.85
11873658, 3.85
7534669, 3.85
9803376, 3.85
10196535, 3.85
12669646, 3.85
11718579, 3.82
11211785, 3.79
8532878, 3.7800000000000002
11031985, 3.7800000000000002
11311581, 3.7800000000000002
11554301, 3.7800000000000002
11698674, 3.7800000000000002
8657652, 3.7800000000000002
9001575, 3.7800000000000002
9579166, 3.7800000000000002
10417372, 3.7800000000000002
12501845, 3.7800000000000002
9097721, 3.66
11432903, 3.64
12958444, 3.6300000000000003
11042069, 3.5999999999999996
11176665, 3.58
11589739, 3.58
10094568, 3.56
10890539, 3.52
7917227, 3.4800000000000004
7917339, 3.4800000000000004
7886200, 3.4800000000000004
10676943, 3.4800000000000004
10760250, 3.4800000000000004
10815942, 3.4800000000000004
10847851, 3.4800000000000004
10881183, 3.4800000000000004
10906561, 3.4800000000000004
11026337, 3.4800000000000004
11490618, 3.4800000000000004
11530735, 3.4800000000000004
11579022, 3.4800000000000004
12418204, 3.4800000000000004
7637802, 3.4800000000000004
7662357, 3.4800000000000004
7662374, 3.4800000000000004
11857783, 3.42
11464947, 3.42
11528952, 3.42
7873216, 3.42
8716025, 3.42
8795819, 3.42
9000953, 3.42
9586409, 3.42
12795049, 3.42
11660362, 3.3699999999999997
10915876, 3.3600000000000003
8805281, 3.3600000000000003
8131095, 3.3200000000000003
8004968, 3.3200000000000003
10973081, 3.3200000000000003
11898435, 3.3200000000000003
7895510, 3.3200000000000003
8659192, 3.3200000000000003
9056940, 3.3200000000000003
12355841, 3.3200000000000003
7956069, 3.2899999999999996
8287470, 3.24
8078817, 3.24
7935809, 3.24
7938553, 3.24
7973626, 3.24
7801120, 3.24
11074359, 3.24
11265291, 3.24
11339207, 3.24
8268191, 3.2300000000000004
7849515, 3.2300000000000004
10536507, 3.2300000000000004
7644101, 3.2300000000000004
