45719, 0.43
10774304, 0.41
10774329, 0.41
10774434, 0.41
11396506, 0.38
11639901, 0.38
6086142, 0.35
9222331, 0.35
10774427, 0.35
10847779, 0.35
12371437, 0.33
10774405, 0.33
11639428, 0.33
11993338, 0.33
10774302, 0.32
10774340, 0.32
10774354, 0.32
10774429, 0.32
11039056, 0.30000000000000004
95799, 0.3
9732749, 0.29
11639386, 0.28
10628785, 0.28
11640059, 0.28
11539636, 0.27
11640025, 0.26
9537042, 0.25
11219860, 0.24
11344570, 0.24
6152971, 0.24
11272126, 0.24
11543111, 0.23
12033401, 0.23
10628781, 0.23
10994433, 0.22
9732747, 0.22
11640158, 0.22
11370246, 0.22
11803681, 0.22
11039042, 0.22
10697473, 0.21
11894939, 0.21
9732751, 0.21
11822032, 0.21
11894806, 0.21
95807, 0.21
11892815, 0.2
11894898, 0.2
11894933, 0.2
95885, 0.2
11039062, 0.2
11803697, 0.2
11993320, 0.2
9537044, 0.2
10483462, 0.2
11002822, 0.2
11550710, 0.2
11542807, 0.19
11543115, 0.19
11452385, 0.19
11452389, 0.19
11452880, 0.19
11892816, 0.19
12050843, 0.19
12170602, 0.19
9732752, 0.19
9732753, 0.19
9752389, 0.19
9760966, 0.19
9537045, 0.19
9417597, 0.19
9762140, 0.19
11607065, 0.18
11993321, 0.18
45724, 0.18
11271320, 0.18
11548227, 0.18
11344577, 0.18
11607086, 0.18
11607348, 0.17
11607463, 0.17
11962496, 0.17
11962497, 0.17
11993327, 0.17
11883482, 0.17
11894963, 0.17
11541699, 0.17
11607051, 0.17
11607284, 0.17
11607427, 0.17
11607112, 0.16
11219834, 0.16
10872394, 0.16
11548226, 0.16
11799681, 0.16
9762086, 0.16
11640678, 0.16
11607118, 0.15
11607192, 0.15
11607167, 0.15
11607497, 0.15
45787, 0.15
6086111, 0.15
11271309, 0.15
11550678, 0.15
45786, 0.15
9537043, 0.15
11542455, 0.15
11100218, 0.15
11607193, 0.15
11607450, 0.15
11607409, 0.14
10994431, 0.14
11993336, 0.14
45721, 0.14
9537026, 0.14
9537029, 0.14
9537051, 0.14
11271280, 0.14
11271332, 0.14
10605437, 0.14
11542756, 0.14
11799683, 0.14
11883481, 0.14
11541689, 0.14
11542450, 0.14
11271256, 0.14
11271301, 0.14
11407413, 0.14
11640491, 0.14
11607233, 0.14
11607260, 0.14
11607396, 0.14
11607473, 0.14
10897858, 0.13
11219852, 0.13
11272124, 0.13
11826892, 0.13
11898837, 0.13
11993324, 0.13
11993330, 0.13
11993341, 0.13
9537057, 0.13
11543102, 0.13
11543104, 0.13
45790, 0.13
9762082, 0.13
11100212, 0.13
11542730, 0.13
11537220, 0.13
11537283, 0.13
11271188, 0.13
11419479, 0.13
11639327, 0.13
11625837, 0.13
11607079, 0.12
11607472, 0.12
11542751, 0.12
11607199, 0.11
11607349, 0.1
11640104, 0.09
11607244, 0.09
11607484, 0.09
