10774317, 2.45
11892792, 2.19
9732749, 2.16
10774404, 2.05
10774405, 1.9800000000000002
11542736, 1.8899999999999997
11894903, 1.8599999999999999
11894912, 1.8599999999999997
11894948, 1.7100000000000002
45724, 1.7000000000000002
11894962, 1.6899999999999997
11607492, 1.65
9222326, 1.64
11537251, 1.6199999999999999
6152998, 1.5799999999999998
9762128, 1.57
11607079, 1.5599999999999998
11272115, 1.54
11538142, 1.4999999999999998
9732745, 1.48
9222314, 1.48
11894917, 1.47
11894945, 1.46
11905206, 1.46
11892807, 1.44
11607482, 1.4200000000000002
11538147, 1.4200000000000002
11819994, 1.42
9279381, 1.3800000000000001
11892818, 1.37
10774308, 1.35
11400427, 1.3300000000000003
11993327, 1.32
10872313, 1.32
11271249, 1.3
9222312, 1.3
11272118, 1.29
10774429, 1.28
11478315, 1.2799999999999998
11894942, 1.27
11400434, 1.26
11400431, 1.24
11271323, 1.2199999999999998
10874487, 1.21
11894906, 1.2099999999999997
10872324, 1.18
11543552, 1.16
10774316, 1.16
11607490, 1.1400000000000001
11607168, 1.14
11894937, 1.14
10774415, 1.12
45719, 1.1099999999999999
11894920, 1.09
11607369, 1.0799999999999998
9732748, 1.07
11894901, 1.07
10636771, 1.0699999999999998
10872317, 1.06
11219851, 1.06
12170619, 1.0499999999999998
11894934, 1.0499999999999998
10628785, 1.03
45728, 1.02
10483477, 1.02
11607380, 1.0
9762091, 1.0
9762084, 1.0
10774314, 1.0
11539636, 0.99
11894927, 0.98
11219847, 0.98
11892820, 0.9600000000000001
10774354, 0.96
9537058, 0.96
11894947, 0.96
12170616, 0.96
10628781, 0.95
11894963, 0.95
11892819, 0.94
11894908, 0.92
10872322, 0.9100000000000001
11894956, 0.91
9279376, 0.91
11271309, 0.9
11892803, 0.9
11486795, 0.9
11537244, 0.9
11706417, 0.9
10774318, 0.9
9732747, 0.8999999999999999
11607348, 0.8700000000000001
11993320, 0.8700000000000001
11607169, 0.8700000000000001
9222322, 0.8699999999999999
11219849, 0.8599999999999999
11894939, 0.8500000000000001
9537051, 0.8500000000000001
11993338, 0.8400000000000001
9222335, 0.8400000000000001
10872320, 0.8400000000000001
11039042, 0.84
11478316, 0.84
11272128, 0.84
9279374, 0.84
11271235, 0.8300000000000001
9279394, 0.8300000000000001
45781, 0.8300000000000001
9752383, 0.8200000000000001
10819024, 0.8200000000000001
12387245, 0.82
11596510, 0.82
11785521, 0.82
10774326, 0.82
11394411, 0.81
10694927, 0.81
11219835, 0.8
11894904, 0.8
11894900, 0.8
11894964, 0.8
11607056, 0.8
10889629, 0.8
11993321, 0.79
11607156, 0.79
45726, 0.79
11971283, 0.7899999999999999
11542751, 0.78
11219868, 0.78
10872328, 0.78
11219848, 0.77
11452389, 0.76
9732752, 0.76
11219856, 0.76
11478320, 0.76
11607242, 0.76
11100229, 0.76
11607069, 0.75
11706422, 0.74
9732753, 0.73
11272124, 0.73
11271305, 0.7200000000000001
9537047, 0.7200000000000001
11272126, 0.72
11706420, 0.72
11850911, 0.72
45675, 0.72
9279398, 0.7000000000000001
11272125, 0.7000000000000001
11851242, 0.7000000000000001
10774427, 0.7
10847779, 0.7
12002577, 0.7
11639673, 0.7
11706416, 0.7
10774330, 0.7
11537258, 0.7
9537045, 0.6900000000000001
6086111, 0.6900000000000001
11436904, 0.6900000000000001
11607340, 0.6900000000000001
11607167, 0.69
11271236, 0.69
11850916, 0.69
45722, 0.69
11681399, 0.68
9279396, 0.68
9382644, 0.68
11850953, 0.68
11607323, 0.68
11640149, 0.6799999999999999
11271301, 0.67
11639428, 0.66
11370246, 0.66
11803681, 0.66
45786, 0.66
11453086, 0.66
9222311, 0.66
10774311, 0.66
11100235, 0.66
11219852, 0.65
11188591, 0.6499999999999999
11039056, 0.6400000000000001
11548227, 0.64
11219836, 0.64
11639426, 0.64
11613485, 0.64
45787, 0.6399999999999999
95807, 0.63
11271320, 0.63
11607470, 0.63
11894944, 0.63
45732, 0.62
11537291, 0.62
11537315, 0.6199999999999999
11639704, 0.61
11803697, 0.6000000000000001
9537044, 0.6000000000000001
10483462, 0.6000000000000001
11002822, 0.6000000000000001
11993336, 0.6000000000000001
45721, 0.6000000000000001
9537026, 0.6000000000000001
9537029, 0.6000000000000001
11607111, 0.6000000000000001
45725, 0.6000000000000001
10779280, 0.6000000000000001
11271258, 0.6000000000000001
10819029, 0.6000000000000001
11892814, 0.6000000000000001
10819014, 0.6000000000000001
11851255, 0.6000000000000001
10872340, 0.6
12002572, 0.6
11488298, 0.6
6152964, 0.6
11993326, 0.6
9222329, 0.6
10780886, 0.6
12170617, 0.6
11607065, 0.59
11219829, 0.59
11537209, 0.59
12119931, 0.59
11271332, 0.5800000000000001
11537317, 0.5800000000000001
11706428, 0.5800000000000001
11370226, 0.58
11370512, 0.58
9222323, 0.58
11894933, 0.5700000000000001
11993330, 0.5700000000000001
12049093, 0.5700000000000001
9279375, 0.5700000000000001
9279395, 0.5700000000000001
11452385, 0.56
11452880, 0.56
10994431, 0.56
11993341, 0.56
11542756, 0.56
11883481, 0.56
12008710, 0.56
11526838, 0.56
11639542, 0.56
6153043, 0.56
11526833, 0.56
9732751, 0.55
10897858, 0.54
11898837, 0.54
11803684, 0.54
95806, 0.54
10889625, 0.54
9732746, 0.54
11271324, 0.54
11607097, 0.54
9279377, 0.54
10780896, 0.54
11607084, 0.54
9222321, 0.54
11607488, 0.54
11537252, 0.54
11894806, 0.53
12033403, 0.53
11219857, 0.53
9762113, 0.53
11803686, 0.53
12033401, 0.52
11271302, 0.52
10779283, 0.52
10889624, 0.52
10889627, 0.52
11541717, 0.52
11962496, 0.51
11962497, 0.51
11271280, 0.51
11607051, 0.51
9762124, 0.51
11271210, 0.51
11271252, 0.51
11607223, 0.51
11607374, 0.51
9382627, 0.51
9336638, 0.51
9697641, 0.51
6152975, 0.51
6153003, 0.51
11640154, 0.51
11002814, 0.51
11607450, 0.5
11542457, 0.5
11271241, 0.5
11799692, 0.5
11537248, 0.5
9222327, 0.5
10774303, 0.5
11539632, 0.5
10603807, 0.5
11640123, 0.49
11767429, 0.49
11681402, 0.49
11219834, 0.48
10872394, 0.48
11548226, 0.48
11851240, 0.48
11894921, 0.48
11993317, 0.48
12002588, 0.48
9279383, 0.48
11271327, 0.48
11548223, 0.48
11607110, 0.48
11993325, 0.48
10994439, 0.48
9336652, 0.48
11607266, 0.48
9417626, 0.48
9697639, 0.48
11905202, 0.47000000000000003
11304910, 0.47000000000000003
11452393, 0.47000000000000003
12002594, 0.47000000000000003
11219860, 0.47
9537031, 0.47
10603808, 0.47
12119958, 0.47
11219828, 0.46
11850927, 0.46
11850930, 0.46
6153020, 0.46
10889626, 0.46
11640163, 0.46
11272122, 0.46
6153044, 0.46
11607294, 0.46
11526835, 0.45999999999999996
11706419, 0.45000000000000007
45783, 0.45000000000000007
11494985, 0.45
10774422, 0.45
11850928, 0.45
10774325, 0.45
9082248, 0.45
11850954, 0.45
11607472, 0.44999999999999996
11550678, 0.44999999999999996
12119962, 0.44999999999999996
45682, 0.44999999999999996
9417613, 0.44
11271250, 0.44
11271224, 0.44
45731, 0.44
11542759, 0.44
11271318, 0.44
11452383, 0.44
11885540, 0.44
12194433, 0.43000000000000005
9279372, 0.43000000000000005
11607194, 0.43000000000000005
11219861, 0.43
11304909, 0.43
95885, 0.42000000000000004
11822127, 0.42000000000000004
9336628, 0.42000000000000004
10483464, 0.42000000000000004
10822499, 0.42000000000000004
10994416, 0.42000000000000004
11892796, 0.42000000000000004
11537219, 0.42
9762139, 0.42
9762120, 0.42
11820137, 0.42
11607118, 0.41000000000000003
11271272, 0.41000000000000003
11607098, 0.41000000000000003
11219838, 0.41000000000000003
10774304, 0.41
10774329, 0.41
10774434, 0.41
9222316, 0.41
10774418, 0.41
11905211, 0.41
9762118, 0.41
11537211, 0.41
10774433, 0.41
11639585, 0.41
12119926, 0.41
11767430, 0.41
9537042, 0.4
9762086, 0.4
11271207, 0.4
12119961, 0.4
11541703, 0.4
11542749, 0.4
11400430, 0.4
11826892, 0.39
11993324, 0.39
9537057, 0.39
9222334, 0.39
12033402, 0.39
12001956, 0.39
9762079, 0.39
9336639, 0.39
11539631, 0.39
10872397, 0.39
11219841, 0.39
11822027, 0.39
11541706, 0.39
12119952, 0.39
11396506, 0.38
11639901, 0.38
11344570, 0.38
11892815, 0.38
11543115, 0.38
9762099, 0.38
12033396, 0.38
11344581, 0.38
9760965, 0.38
11851253, 0.38
11304906, 0.38
11304913, 0.38
11370245, 0.38
11819978, 0.38
12170624, 0.38
12033397, 0.38
10774443, 0.38
9222313, 0.38
11640171, 0.38
11607148, 0.38
11607276, 0.38
10774351, 0.38
10779294, 0.38
10994433, 0.37
11607336, 0.37
12170585, 0.37
11537318, 0.37
11881645, 0.37
9752380, 0.37
11271232, 0.36
11271234, 0.36
11271237, 0.36
11219839, 0.36
11892798, 0.36
11370240, 0.36
12125677, 0.36
10610436, 0.36
11883448, 0.36
11219864, 0.36
9463093, 0.36
11831245, 0.36
11219863, 0.36
6152984, 0.36
11219854, 0.36
9463100, 0.36
11542963, 0.36
11640692, 0.36
11640168, 0.36
11537293, 0.36
11894938, 0.36
11894905, 0.36
6086142, 0.35
9222331, 0.35
11271223, 0.35
10628777, 0.35
11894926, 0.35
11826885, 0.35
11400436, 0.35
10774421, 0.35
11100228, 0.35
11344553, 0.34
11271245, 0.34
11271270, 0.34
11271315, 0.34
11219844, 0.34
9382647, 0.34
11850959, 0.34
11850956, 0.34
11850957, 0.34
11850960, 0.34
10690918, 0.34
11271319, 0.34
10889628, 0.34
10678310, 0.34
11624907, 0.34
10838994, 0.34
11639369, 0.34
11607114, 0.34
11452881, 0.34
10819016, 0.34
11542757, 0.34
11542959, 0.34
11344577, 0.33999999999999997
11188603, 0.33999999999999997
11607309, 0.33999999999999997
11620588, 0.33999999999999997
12371437, 0.33
11639336, 0.33
10774388, 0.33
11639429, 0.33
10774444, 0.33
11905205, 0.32999999999999996
10774302, 0.32
10774340, 0.32
11271243, 0.32
11271268, 0.32
11271284, 0.32
11271307, 0.32
12002593, 0.32
11905215, 0.32
10328033, 0.32
11607181, 0.32
11543319, 0.32
9336631, 0.32
9382654, 0.32
11537228, 0.32
10678326, 0.32
9417614, 0.32
11850915, 0.32
11850919, 0.32
11851248, 0.32
10779282, 0.32
11640013, 0.32
11607188, 0.32
11344583, 0.32
12033399, 0.32
9103181, 0.32
11188586, 0.32
11820014, 0.32
10774420, 0.32
10994427, 0.32
11850920, 0.32
11965664, 0.32
12119923, 0.32
9760974, 0.32
11536549, 0.32
11542284, 0.32
11039051, 0.32
11039066, 0.32
11913422, 0.32
10774353, 0.32
10819017, 0.32
11640166, 0.32
11620590, 0.31
11039037, 0.31
12050841, 0.31
11344572, 0.31
10774372, 0.31
11541115, 0.30000000000000004
11607378, 0.30000000000000004
11272121, 0.30000000000000004
11892812, 0.30000000000000004
11767423, 0.30000000000000004
11001749, 0.30000000000000004
10870475, 0.30000000000000004
11894955, 0.30000000000000004
11993333, 0.30000000000000004
95799, 0.3
11851247, 0.3
11271285, 0.3
12170603, 0.3
12119922, 0.3
10697476, 0.3
10733408, 0.3
11542843, 0.3
11894896, 0.3
9417610, 0.3
11542845, 0.3
11539643, 0.3
10872312, 0.3
11370230, 0.3
11803694, 0.3
11607204, 0.3
11607412, 0.3
11607358, 0.3
11542444, 0.3
11067181, 0.3
11640801, 0.3
9222325, 0.3
11452879, 0.3
10774323, 0.3
11607213, 0.3
12033404, 0.3
11898843, 0.3
11607463, 0.29000000000000004
11958210, 0.29000000000000004
11908527, 0.29000000000000004
11541722, 0.29000000000000004
11039060, 0.29000000000000004
11478318, 0.29000000000000004
11452883, 0.29000000000000004
11799677, 0.29
9762103, 0.29
9222333, 0.29
11639386, 0.28
11640059, 0.28
11526852, 0.28
11712285, 0.28
11271215, 0.28
11271228, 0.28
11271242, 0.28
10774342, 0.28
9762092, 0.28
11002810, 0.28
10755843, 0.28
10872339, 0.28
9336621, 0.28
9336645, 0.28
11541716, 0.28
11537282, 0.28
11537288, 0.28
11911141, 0.28
11537240, 0.28
11850929, 0.28
11850931, 0.28
11881652, 0.28
12206186, 0.28
10465679, 0.28
10628791, 0.28
11188583, 0.28
11219859, 0.28
11271266, 0.28
11640566, 0.28
11971281, 0.28
11542642, 0.28
11607135, 0.28
10994430, 0.28
12035804, 0.28
11541687, 0.28
11541715, 0.28
9762085, 0.28
11639214, 0.28
11541723, 0.28
11039058, 0.28
9336641, 0.28
11370239, 0.28
11607405, 0.28
10774396, 0.28
11542467, 0.27
11542827, 0.27
11219870, 0.27
11607191, 0.27
11640025, 0.26
11607497, 0.26
11419479, 0.26
11344565, 0.26
95798, 0.26
11271218, 0.26
11271229, 0.26
11271267, 0.26
11271274, 0.26
11271333, 0.26
12056426, 0.26
11850963, 0.26
11370513, 0.26
11542464, 0.26
11537290, 0.26
6152983, 0.26
11543096, 0.26
11271204, 0.26
11607165, 0.26
11542743, 0.26
11681323, 0.26
11894951, 0.26
9762100, 0.26
9762133, 0.26
11540622, 0.26
11624909, 0.26
11607250, 0.26
11819982, 0.26
11639687, 0.26
9103180, 0.26
9762097, 0.26
10780889, 0.26
11640135, 0.26
9417592, 0.25
12170597, 0.25
9417596, 0.25
11039048, 0.25
11271308, 0.25
11271316, 0.25
11607415, 0.25
10872331, 0.25
11219837, 0.25
45776, 0.25
10872327, 0.25
11219855, 0.25
10628792, 0.25
9890789, 0.25
11850950, 0.25
11407413, 0.24000000000000002
6152971, 0.24
11219858, 0.24
11887911, 0.24
12170590, 0.24
11271269, 0.24
12170587, 0.24
11799687, 0.24
10994421, 0.24
11822415, 0.24
11542844, 0.24
11272117, 0.24
11537276, 0.24
9336633, 0.24
11607147, 0.24
10994419, 0.24
11542750, 0.24
11850949, 0.24
11624910, 0.24
10605456, 0.24
11799690, 0.24
11892801, 0.24
11452380, 0.24
12033405, 0.24
11894940, 0.24
9279380, 0.24
11543111, 0.23
11607473, 0.23
9417593, 0.23
11640389, 0.23
11537385, 0.23
11887919, 0.23
11993316, 0.23
11993323, 0.23
95809, 0.23
9537037, 0.23
11541725, 0.23
10994424, 0.23
11883446, 0.23
12194429, 0.23
9762142, 0.23
12033400, 0.23
10994460, 0.23
11819987, 0.23
11478319, 0.22999999999999998
11640158, 0.22
11712283, 0.22
11640423, 0.22
11607189, 0.22
11905195, 0.22
11219853, 0.22
9303048, 0.22
9336650, 0.22
11803682, 0.22
11536566, 0.22
11851254, 0.22
11706421, 0.22
11894935, 0.22
12194439, 0.22
11537217, 0.22
11850964, 0.22
9762157, 0.22
10994436, 0.22
11100220, 0.22
11543204, 0.22
9762125, 0.22
9890791, 0.22
11537316, 0.22
11344575, 0.22
11607221, 0.22
10697473, 0.21
11822032, 0.21
11640353, 0.21
11607149, 0.21
11640606, 0.21
9762122, 0.21
10870473, 0.21
11271193, 0.21
11272111, 0.21
11452889, 0.21
12170611, 0.21
12170615, 0.21
9762088, 0.21
11607203, 0.21
6152979, 0.21
9537033, 0.21
11962495, 0.21
6152986, 0.21
11542955, 0.21
11271212, 0.21
11881648, 0.21
10884862, 0.21
11639469, 0.21
11894898, 0.2
11039062, 0.2
11550710, 0.2
11607362, 0.2
11271312, 0.2
11446384, 0.2
11452888, 0.2
12119935, 0.2
12170613, 0.2
11607343, 0.2
11607421, 0.2
11607232, 0.2
12050842, 0.2
11538127, 0.2
11826887, 0.2
11892804, 0.2
9336640, 0.2
11542830, 0.2
11639956, 0.2
11272114, 0.2
11537223, 0.2
10872321, 0.2
10872323, 0.2
11370518, 0.2
11400432, 0.2
11894936, 0.2
11894943, 0.2
12002590, 0.2
12170583, 0.2
9279399, 0.2
11344547, 0.2
10628790, 0.2
11271299, 0.2
10697469, 0.2
11370231, 0.2
11526832, 0.2
11536550, 0.2
11526827, 0.2
11537287, 0.2
10838997, 0.2
11639536, 0.2
11542807, 0.19
11892816, 0.19
12050843, 0.19
12170602, 0.19
9752389, 0.19
9760966, 0.19
9417597, 0.19
9762140, 0.19
11993301, 0.19
11607388, 0.19
10697477, 0.19
10678312, 0.19
11370241, 0.19
11400435, 0.19
11607123, 0.19
11344564, 0.19
11541713, 0.19
11400441, 0.19
11452886, 0.19
11894925, 0.19
9537053, 0.19
10780892, 0.19
10994420, 0.19
11803678, 0.19
11949689, 0.19
11968211, 0.19
6152976, 0.19
11993313, 0.19
10328023, 0.19
11218433, 0.19
11453095, 0.19
11639477, 0.19
11219873, 0.19
11188597, 0.19
11607086, 0.18
11526831, 0.18
11541688, 0.18
10994454, 0.18
11271175, 0.18
11607416, 0.18
11607440, 0.18
11820010, 0.18
11892800, 0.18
11894922, 0.18
12170588, 0.18
11452871, 0.18
11841097, 0.18
9762146, 0.18
10328025, 0.18
11607448, 0.18
11539620, 0.18
11607313, 0.18
11537225, 0.18
11541709, 0.18
11607400, 0.18
11892809, 0.18
11892806, 0.18
11894950, 0.18
95800, 0.18
9762152, 0.18
10822468, 0.18
11271217, 0.18
11607304, 0.18
10872335, 0.18
11537214, 0.18
10994437, 0.18
11458964, 0.18
11881653, 0.18
11993339, 0.18
12001946, 0.18
12008717, 0.18
12085572, 0.18
9537035, 0.18
10690912, 0.18
10697471, 0.18
11640393, 0.18
11819983, 0.18
9760977, 0.18
11607070, 0.18
11607465, 0.18
11883482, 0.17
11541699, 0.17
11607284, 0.17
11607427, 0.17
11542758, 0.17
12119932, 0.17
10872392, 0.17
10994456, 0.17
11542842, 0.17
11607247, 0.17
11607417, 0.17
11820011, 0.17
11803670, 0.17
6152985, 0.17
11640129, 0.17
11607216, 0.17
11370232, 0.17
11892810, 0.17
11905194, 0.17
11607085, 0.17
11002823, 0.17
11271303, 0.17
11767422, 0.17
11543113, 0.17
11218438, 0.17
11548233, 0.17
11537212, 0.17
11542747, 0.17
11851249, 0.17
12085573, 0.17
11675773, 0.17
11894897, 0.17
9537039, 0.17
10870474, 0.17
11607306, 0.17
11894929, 0.17
11639588, 0.17
11623312, 0.17
9762098, 0.17
11541694, 0.17
11542738, 0.17
11271238, 0.17
10872330, 0.17
11452388, 0.17
10690913, 0.17
11271262, 0.17
11039049, 0.17
10969633, 0.17
11002821, 0.17
10994414, 0.17
11817408, 0.17
11850951, 0.17
9697651, 0.17
11639840, 0.17
6152977, 0.17
11607112, 0.16
11799681, 0.16
11640678, 0.16
10605440, 0.16
11887920, 0.16
11973842, 0.16
12008704, 0.16
12170629, 0.16
10872333, 0.16
9279386, 0.16
10897866, 0.16
10994444, 0.16
6152990, 0.16
11218443, 0.16
12119956, 0.16
9537064, 0.16
10328021, 0.16
11607426, 0.16
11607361, 0.16
11607491, 0.16
11977281, 0.16
9762148, 0.16
11271282, 0.16
11271290, 0.16
11841093, 0.16
11548222, 0.16
11550677, 0.16
11542962, 0.16
11536551, 0.16
11039047, 0.16
11640567, 0.16
10483476, 0.16
11188604, 0.16
11607140, 0.16
11607175, 0.16
11596488, 0.16
11894932, 0.16
11894941, 0.16
11607300, 0.16
12008715, 0.16
11639594, 0.16
11607075, 0.16
11607308, 0.16
11820003, 0.16
11596499, 0.16
9762137, 0.16
9697647, 0.16
11911148, 0.16
10328035, 0.16
11850955, 0.16
11039039, 0.16
11527133, 0.16
11850924, 0.16
12002575, 0.16
11453089, 0.16
11453096, 0.16
11640604, 0.16
11623316, 0.16
11639600, 0.16
11592293, 0.16
11640591, 0.16
11640599, 0.16
11607207, 0.16
11607220, 0.16
11607287, 0.16
11607192, 0.15
9537043, 0.15
11542455, 0.15
11100218, 0.15
11607193, 0.15
11993328, 0.15
12194432, 0.15
11537286, 0.15
11850912, 0.15
95811, 0.15
9417601, 0.15
9417602, 0.15
10678311, 0.15
11607261, 0.15
9762123, 0.15
11542754, 0.15
11942355, 0.15
11942356, 0.15
11607359, 0.15
9762095, 0.15
11607120, 0.15
11543094, 0.15
11370227, 0.15
12056422, 0.15
9697645, 0.15
11527127, 0.15
10678316, 0.15
11271311, 0.15
11270517, 0.15
11607166, 0.15
10872338, 0.15
11894918, 0.15
11039069, 0.15
6153023, 0.15
9760968, 0.15
11639702, 0.15
12170604, 0.15
9762126, 0.15
11538144, 0.15
11304911, 0.15
11607499, 0.15
11993314, 0.15
9336619, 0.15
10576996, 0.15
11542734, 0.15
11542463, 0.15
11039044, 0.15
11527118, 0.15
11767421, 0.15
11911140, 0.15
11536553, 0.15
11958217, 0.15
11527126, 0.15
12002589, 0.15
45696, 0.15
10779292, 0.15
11607409, 0.14
10605437, 0.14
11799683, 0.14
11541689, 0.14
11542450, 0.14
11271256, 0.14
11640491, 0.14
11607233, 0.14
11607260, 0.14
11607396, 0.14
10872315, 0.14
10628795, 0.14
12119934, 0.14
6152965, 0.14
9417608, 0.14
9537059, 0.14
11607474, 0.14
11993300, 0.14
11537250, 0.14
11908530, 0.14
11607150, 0.14
11452877, 0.14
11002827, 0.14
11607176, 0.14
11911143, 0.14
12008707, 0.14
12170610, 0.14
9336651, 0.14
11541560, 0.14
10690921, 0.14
11542961, 0.14
45693, 0.14
10969624, 0.14
10969625, 0.14
11542763, 0.14
11188601, 0.14
11271185, 0.14
11607452, 0.14
11607456, 0.14
10605438, 0.14
11607198, 0.14
11400439, 0.14
11452876, 0.14
11958207, 0.14
11977274, 0.14
12085574, 0.14
12119939, 0.14
10328030, 0.14
11100225, 0.14
11639288, 0.14
11607486, 0.14
12170591, 0.14
12170595, 0.14
9762154, 0.14
11039050, 0.14
11491129, 0.14
10819026, 0.14
10628786, 0.14
11607115, 0.14
11607455, 0.14
11911149, 0.14
9336626, 0.14
11542739, 0.14
11526855, 0.14
11911147, 0.14
11370519, 0.14
11596489, 0.14
45791, 0.14
95802, 0.14
11527134, 0.14
11527116, 0.14
11527131, 0.14
11639530, 0.14
11640082, 0.14
10627230, 0.14
11542832, 0.14
9279373, 0.14
9303045, 0.14
9417606, 0.14
11607246, 0.14
11639476, 0.14
11639698, 0.14
11543102, 0.13
11543104, 0.13
45790, 0.13
9762082, 0.13
11100212, 0.13
11542730, 0.13
11537220, 0.13
11537283, 0.13
11271188, 0.13
11639327, 0.13
11625837, 0.13
11894928, 0.13
9537060, 0.13
11100232, 0.13
11542958, 0.13
11640270, 0.13
10994452, 0.13
11538152, 0.13
11536569, 0.13
11370514, 0.13
11541559, 0.13
11607327, 0.13
10605449, 0.13
9762106, 0.13
11002806, 0.13
11550679, 0.13
11607234, 0.13
11607283, 0.13
11607419, 0.13
11607457, 0.13
11541692, 0.13
11640603, 0.13
10872316, 0.13
11526854, 0.13
11712293, 0.13
11607137, 0.13
10872326, 0.13
11526844, 0.13
11913432, 0.13
12085569, 0.13
10483478, 0.13
10779307, 0.13
11548232, 0.13
11478322, 0.13
11892797, 0.13
11272120, 0.13
11639464, 0.13
11894954, 0.13
11902171, 0.13
12001951, 0.13
11538155, 0.13
11820132, 0.13
11344579, 0.13
12170589, 0.13
10870472, 0.13
11536602, 0.13
11219831, 0.13
11977277, 0.13
9537032, 0.13
11539619, 0.13
11822139, 0.13
11542740, 0.13
11949681, 0.13
11958213, 0.13
11982026, 0.13
12192674, 0.13
11539645, 0.13
11271211, 0.13
11607325, 0.13
11894909, 0.13
11607476, 0.13
11538162, 0.13
11271278, 0.13
11271288, 0.13
12206176, 0.13
45729, 0.13
45730, 0.13
6152988, 0.13
9890792, 0.13
10822463, 0.13
11002808, 0.13
11039038, 0.13
11039045, 0.13
11271306, 0.13
11607288, 0.13
12008709, 0.13
6086110, 0.13
9752388, 0.13
11607441, 0.13
11271337, 0.13
11640407, 0.13
11640084, 0.13
10994415, 0.12
11850914, 0.12
9634377, 0.12
11541553, 0.12
10603804, 0.12
10994458, 0.12
11271231, 0.12
11271257, 0.12
11639482, 0.12
11885535, 0.12
11596496, 0.12
12170594, 0.12
11537304, 0.12
11188587, 0.12
11453097, 0.12
11527137, 0.12
11527124, 0.12
11982030, 0.12
11539641, 0.12
11881641, 0.12
12001954, 0.12
12050839, 0.12
11538157, 0.12
11607225, 0.12
9762143, 0.12
11370247, 0.12
11841087, 0.12
11887921, 0.12
11898833, 0.12
11971284, 0.12
12008703, 0.12
11596501, 0.12
11968208, 0.12
11537241, 0.12
11607418, 0.12
11272123, 0.12
11542451, 0.12
12035806, 0.12
11002803, 0.12
11271314, 0.12
11819984, 0.12
11851258, 0.12
11219862, 0.12
12170596, 0.12
9762131, 0.12
10872404, 0.12
11219843, 0.12
11370236, 0.12
11002812, 0.12
11100224, 0.12
11640126, 0.12
11803689, 0.12
11887916, 0.12
11898838, 0.12
12001957, 0.12
12008698, 0.12
12008699, 0.12
95813, 0.12
9382617, 0.12
9417624, 0.12
11400437, 0.12
6153006, 0.12
11002807, 0.12
11100217, 0.12
11819997, 0.12
12192675, 0.12
11607275, 0.12
10391798, 0.12
10779311, 0.12
11002826, 0.12
11271325, 0.12
11607351, 0.12
10819020, 0.12
6153022, 0.12
9382639, 0.12
11453087, 0.12
11639316, 0.12
11607199, 0.11
10994438, 0.11
10779278, 0.11
11002804, 0.11
11002819, 0.11
11491128, 0.11
11887917, 0.11
9279382, 0.11
9463099, 0.11
11370520, 0.11
11894894, 0.11
11538156, 0.11
11607180, 0.11
45784, 0.11
11537295, 0.11
11271276, 0.11
11607121, 0.11
11344574, 0.11
11894895, 0.11
12035797, 0.11
9537055, 0.11
11537246, 0.11
11543155, 0.11
11607093, 0.11
11607187, 0.11
11894924, 0.11
11803687, 0.11
11887915, 0.11
11898839, 0.11
12170605, 0.11
45782, 0.11
9762135, 0.11
11542765, 0.11
11640086, 0.11
11607073, 0.11
11219833, 0.11
11452874, 0.11
11803669, 0.11
12008706, 0.11
11542448, 0.11
11607229, 0.11
11219850, 0.11
11607163, 0.11
10690920, 0.11
11188584, 0.11
10994455, 0.11
11640081, 0.11
11898842, 0.11
11958216, 0.11
10889630, 0.11
11067189, 0.11
11100233, 0.11
11607170, 0.11
11607408, 0.11
10605439, 0.11
11344555, 0.11
11452875, 0.11
9382643, 0.11
11527135, 0.11
10819019, 0.11
11344568, 0.11
10678321, 0.11
11188605, 0.11
11607349, 0.1
11803677, 0.1
11977276, 0.1
12056429, 0.1
11271339, 0.1
11271221, 0.1
11639479, 0.1
11640643, 0.1
11272110, 0.1
45673, 0.1
11271178, 0.1
12170601, 0.1
11538132, 0.1
11272119, 0.1
11915884, 0.1
12194435, 0.1
11541392, 0.1
10822500, 0.1
11344546, 0.1
9279397, 0.1
11478321, 0.1
11607141, 0.1
11607209, 0.1
10994434, 0.1
11452882, 0.1
11894949, 0.1
11607219, 0.1
11452392, 0.1
11526836, 0.1
11542517, 0.1
11607138, 0.1
9279391, 0.1
11538138, 0.1
10895736, 0.1
11100216, 0.1
11607218, 0.1
10822503, 0.1
11539630, 0.1
11640344, 0.1
11607152, 0.1
11958215, 0.1
10328018, 0.1
11002816, 0.1
11542834, 0.1
11640104, 0.09
11607244, 0.09
11607484, 0.09
11831244, 0.09
9537036, 0.09
11039035, 0.09
11039068, 0.09
11100213, 0.09
11548224, 0.09
11271222, 0.09
10605446, 0.09
11596506, 0.09
11272116, 0.09
12170612, 0.09
11272106, 0.09
11370237, 0.09
11526837, 0.09
10969627, 0.09
11271176, 0.09
11607153, 0.09
11607425, 0.09
11958214, 0.09
11977272, 0.09
9279371, 0.09
10870468, 0.09
11542829, 0.09
11640803, 0.09
11639705, 0.09
11607449, 0.09
11607501, 0.09
11344552, 0.08
10780894, 0.08
11067180, 0.08
11708362, 0.08
11706418, 0.08
11607161, 0.08
11370238, 0.08
11607190, 0.08
11607345, 0.08
11271219, 0.08
11271286, 0.08
11607387, 0.08
11538136, 0.08
11973846, 0.08
10779284, 0.08
11543293, 0.08
11527141, 0.08
11639838, 0.07
11639449, 0.06
