8952400, 5.5600000000000005
8805281, 4.91
8078555, 4.88
8268191, 4.790000000000001
8017772, 4.7299999999999995
10371977, 4.7299999999999995
11074359, 4.720000000000001
12073348, 4.720000000000001
9918039, 4.67
11031985, 4.550000000000001
11311581, 4.550000000000001
11554301, 4.550000000000001
11698674, 4.550000000000001
8657652, 4.550000000000001
9001575, 4.550000000000001
9579166, 4.550000000000001
10417372, 4.550000000000001
12501845, 4.550000000000001
11265291, 4.48
12370630, 4.42
7777762, 4.42
8558636, 4.42
9246123, 4.42
10029013, 4.42
9932397, 4.42
12226645, 4.3
10887456, 4.26
10983166, 4.26
11484308, 4.26
8552689, 4.26
8596375, 4.26
9192322, 4.26
9544082, 4.26
11436303, 4.17
10915876, 4.15
11025671, 4.15
11026334, 4.14
11660362, 4.14
8624862, 4.12
11645319, 4.09
10325750, 4.09
10939967, 4.09
11385435, 4.07
9915644, 4.05
8165313, 4.04
11579568, 4.04
12415293, 4.04
9072491, 4.0
8751424, 3.960000000000001
9859984, 3.96
10080165, 3.96
9687231, 3.93
11688377, 3.93
11211666, 3.91
8287470, 3.9000000000000004
8078817, 3.9000000000000004
7935809, 3.9000000000000004
7938553, 3.9000000000000004
7973626, 3.9000000000000004
7801120, 3.9000000000000004
11339207, 3.9000000000000004
10577226, 3.87
11462820, 3.87
10840731, 3.85
11873658, 3.85
7534669, 3.85
9803376, 3.85
10196535, 3.85
12669646, 3.85
10932130, 3.85
8533012, 3.84
11718579, 3.82
9366190, 3.8
11211785, 3.79
9571257, 3.7899999999999996
8532878, 3.7800000000000002
10338206, 3.7199999999999998
11491539, 3.7099999999999995
7596431, 3.7099999999999995
8208639, 3.7
9411438, 3.6799999999999997
8532854, 3.6699999999999995
9097721, 3.66
11432903, 3.64
12009498, 3.6399999999999997
12958444, 3.6300000000000003
11042069, 3.5999999999999996
7923371, 3.59
9774100, 3.59
10463327, 3.59
12042830, 3.59
7664004, 3.58
11176665, 3.58
11589739, 3.58
10094568, 3.56
10890539, 3.52
7917227, 3.4800000000000004
7917339, 3.4800000000000004
7886200, 3.4800000000000004
10676943, 3.4800000000000004
