9918039, 2.9299999999999997
8017772, 2.29
10371977, 2.29
12958444, 2.27
8532854, 2.1799999999999997
10840731, 2.11
11873658, 2.11
7534669, 2.11
9803376, 2.11
10196535, 2.11
12669646, 2.11
7956069, 2.07
12123233, 2.0
12857545, 2.0
9687231, 1.8800000000000001
11774199, 1.84
8131095, 1.82
8004968, 1.82
10973081, 1.82
11898435, 1.82
7895510, 1.82
8659192, 1.82
9056940, 1.82
12355841, 1.82
9108537, 1.77
11518724, 1.73
8294111, 1.69
7840965, 1.69
10948563, 1.69
10899432, 1.69
11236670, 1.69
11436307, 1.69
11762019, 1.69
8864193, 1.69
9325547, 1.69
9765905, 1.69
11688377, 1.6600000000000001
7504924, 1.6400000000000001
7507352, 1.6400000000000001
8041266, 1.6400000000000001
7988086, 1.6400000000000001
7825925, 1.6400000000000001
10967689, 1.6400000000000001
7563654, 1.6400000000000001
8602733, 1.6400000000000001
8608714, 1.6400000000000001
8624862, 1.6400000000000001
8729334, 1.6400000000000001
9035068, 1.6400000000000001
9105788, 1.6400000000000001
9379961, 1.6400000000000001
9635400, 1.6400000000000001
9796810, 1.6400000000000001
9853814, 1.6400000000000001
9932492, 1.6400000000000001
10377748, 1.6400000000000001
12974264, 1.6400000000000001
9513502, 1.62
11873655, 1.5899999999999999
10443381, 1.5899999999999999
11491539, 1.5499999999999998
7596431, 1.5499999999999998
11236667, 1.54
9681409, 1.54
10666893, 1.52
10840726, 1.52
11105197, 1.52
11256062, 1.52
11658228, 1.52
8532879, 1.52
8532880, 1.52
8532884, 1.52
8592531, 1.52
8832825, 1.52
9062932, 1.52
9487503, 1.52
9631049, 1.52
10335332, 1.52
10443385, 1.52
12357962, 1.52
8275985, 1.49
8010761, 1.49
8056152, 1.49
7765202, 1.49
7528953, 1.49
10586711, 1.49
10604547, 1.49
10746690, 1.49
10800702, 1.49
10840732, 1.49
10998925, 1.49
11211006, 1.49
11286682, 1.49
7792924, 1.49
7639852, 1.49
7546715, 1.49
8702154, 1.49
8965035, 1.49
9155662, 1.49
9354787, 1.49
