8952400, 5.5600000000000005
8078555, 5.49
8268191, 5.400000000000001
9932397, 4.98
11393865, 4.9399999999999995
8805281, 4.91
11026334, 4.89
10939967, 4.88
11645319, 4.84
10325750, 4.84
11660362, 4.75
8017772, 4.7299999999999995
10371977, 4.7299999999999995
11074359, 4.720000000000001
12073348, 4.720000000000001
11385435, 4.680000000000001
9918039, 4.67
11031985, 4.550000000000001
11311581, 4.550000000000001
11554301, 4.550000000000001
11698674, 4.550000000000001
8657652, 4.550000000000001
9001575, 4.550000000000001
9579166, 4.550000000000001
10417372, 4.550000000000001
12501845, 4.550000000000001
11688377, 4.54
11265291, 4.48
10338206, 4.43
8165307, 4.43
12370630, 4.42
7777762, 4.42
8558636, 4.42
9246123, 4.42
10029013, 4.42
11590420, 4.41
11687882, 4.37
7821643, 4.34
11491539, 4.319999999999999
7596431, 4.319999999999999
8208639, 4.3100000000000005
11042069, 4.31
12226645, 4.3
10887456, 4.26
10983166, 4.26
11484308, 4.26
8552689, 4.26
8596375, 4.26
9192322, 4.26
9544082, 4.26
11210735, 4.22
7833366, 4.2
10681124, 4.2
11026326, 4.2
11026331, 4.2
11155342, 4.2
11782544, 4.2
9509866, 4.2
12676840, 4.2
11436303, 4.17
10915876, 4.15
11025671, 4.15
8624862, 4.12
9204155, 4.1000000000000005
7917227, 4.090000000000001
7917339, 4.090000000000001
7886200, 4.090000000000001
10676943, 4.090000000000001
10760250, 4.090000000000001
10815942, 4.090000000000001
10847851, 4.090000000000001
10881183, 4.090000000000001
10906561, 4.090000000000001
11026337, 4.090000000000001
11490618, 4.090000000000001
11530735, 4.090000000000001
11579022, 4.090000000000001
12418204, 4.090000000000001
7637802, 4.090000000000001
7662357, 4.090000000000001
7662374, 4.090000000000001
12511001, 4.0600000000000005
8993159, 4.06
9915644, 4.05
8165313, 4.04
11579568, 4.04
12415293, 4.04
10889845, 4.0200000000000005
8042853, 4.0
9072491, 4.0
8751424, 3.960000000000001
9859984, 3.96
10080165, 3.96
9687231, 3.93
11211666, 3.91
8287470, 3.9000000000000004
8078817, 3.9000000000000004
7935809, 3.9000000000000004
7938553, 3.9000000000000004
7973626, 3.9000000000000004
