8952400, 5.5600000000000005
9918039, 5.54
8078555, 5.49
8017772, 5.4799999999999995
10371977, 5.4799999999999995
8268191, 5.400000000000001
9513501, 5.3500000000000005
11211785, 5.199999999999999
11590420, 5.16
9932397, 4.98
11393865, 4.9399999999999995
9915644, 4.92
8805281, 4.91
11026334, 4.89
10939967, 4.88
11645319, 4.84
10325750, 4.84
8624862, 4.8
11660362, 4.75
11074359, 4.720000000000001
12073348, 4.720000000000001
10840731, 4.72
11873658, 4.72
7534669, 4.72
9803376, 4.72
10196535, 4.72
12669646, 4.72
11385435, 4.680000000000001
8131095, 4.62
10470053, 4.58
11031985, 4.550000000000001
11311581, 4.550000000000001
11554301, 4.550000000000001
11698674, 4.550000000000001
8657652, 4.550000000000001
9001575, 4.550000000000001
9579166, 4.550000000000001
10417372, 4.550000000000001
12501845, 4.550000000000001
11688377, 4.54
11265291, 4.48
8532878, 4.46
10094568, 4.43
10338206, 4.43
8165307, 4.43
12370630, 4.42
7777762, 4.42
8558636, 4.42
9246123, 4.42
10029013, 4.42
9097721, 4.41
11342186, 4.38
11687882, 4.37
7821643, 4.34
11491539, 4.319999999999999
7596431, 4.319999999999999
8208639, 4.3100000000000005
12958444, 4.3100000000000005
11042069, 4.31
12226645, 4.3
10890539, 4.27
10887456, 4.26
10983166, 4.26
11484308, 4.26
8552689, 4.26
8596375, 4.26
9192322, 4.26
9544082, 4.26
8073527, 4.24
7915707, 4.24
8086219, 4.24
10641761, 4.24
10652473, 4.24
10786770, 4.24
10933579, 4.24
11137608, 4.24
11180739, 4.24
11396337, 4.24
12091902, 4.24
12324647, 4.24
8589703, 4.24
8596575, 4.24
8640212, 4.24
8980220, 4.24
9171817, 4.24
9384536, 4.24
9917260, 4.24
10392160, 4.24
12415273, 4.24
12495925, 4.24
11983558, 4.24
12610278, 4.24
12788404, 4.24
12804550, 4.24
11418738, 4.23
11210735, 4.22
7833366, 4.2
10681124, 4.2
11026326, 4.2
11026331, 4.2
