8078555, 6.1000000000000005
8268191, 6.010000000000002
11393865, 5.6899999999999995
11026334, 5.64
11645319, 5.59
10325750, 5.59
8952400, 5.5600000000000005
9918039, 5.54
8017772, 5.4799999999999995
10371977, 5.4799999999999995
10840731, 5.3999999999999995
11660362, 5.36
9513501, 5.3500000000000005
11385435, 5.290000000000001
7833366, 5.25
10681124, 5.25
11026326, 5.25
11026331, 5.25
11155342, 5.25
11782544, 5.25
9509866, 5.25
12676840, 5.25
11211785, 5.199999999999999
11590420, 5.16
11688377, 5.15
7821643, 5.09
11042069, 5.02
9932397, 4.98
11491539, 4.93
7596431, 4.93
8208639, 4.920000000000001
9915644, 4.92
8805281, 4.91
10939967, 4.88
12511001, 4.8100000000000005
8624862, 4.8
11074359, 4.720000000000001
12073348, 4.720000000000001
11873658, 4.72
7534669, 4.72
9803376, 4.72
10196535, 4.72
12669646, 4.72
7917227, 4.700000000000001
7917339, 4.700000000000001
7886200, 4.700000000000001
10676943, 4.700000000000001
10760250, 4.700000000000001
10815942, 4.700000000000001
10847851, 4.700000000000001
10881183, 4.700000000000001
10906561, 4.700000000000001
11026337, 4.700000000000001
11490618, 4.700000000000001
11530735, 4.700000000000001
11579022, 4.700000000000001
12418204, 4.700000000000001
7637802, 4.700000000000001
7662357, 4.700000000000001
7662374, 4.700000000000001
8605866, 4.640000000000001
10889845, 4.630000000000001
8131095, 4.62
8042853, 4.61
10470053, 4.58
11031985, 4.550000000000001
11311581, 4.550000000000001
11554301, 4.550000000000001
11698674, 4.550000000000001
8657652, 4.550000000000001
9001575, 4.550000000000001
9579166, 4.550000000000001
10417372, 4.550000000000001
12501845, 4.550000000000001
11265291, 4.48
8584705, 4.47
8532878, 4.46
7849515, 4.45
10536507, 4.45
7644101, 4.45
8664557, 4.45
10094568, 4.43
10338206, 4.43
8165307, 4.43
12370630, 4.42
7777762, 4.42
8558636, 4.42
9246123, 4.42
10029013, 4.42
9097721, 4.41
11985216, 4.4
11342186, 4.38
8281051, 4.37
11687882, 4.37
12958444, 4.3100000000000005
12226645, 4.3
10890539, 4.27
11298485, 4.27
10887456, 4.26
10983166, 4.26
