7511831, 1.3
8203039, 1.3
8007354, 1.3
8046377, 1.3
7996813, 1.3
7533321, 1.3
10534525, 1.3
11021227, 1.3
11095663, 1.3
11197394, 1.3
11168963, 1.3
11220011, 1.3
11373356, 1.3
11395895, 1.3
11795076, 1.3
12039997, 1.3
12053803, 1.3
12370630, 1.3
7712145, 1.3
7777762, 1.3
7626760, 1.3
8763672, 1.3
8756746, 1.3
8773134, 1.3
8875269, 1.3
8881968, 1.3
9044192, 1.3
9246123, 1.3
9277709, 1.3
9277760, 1.3
9277761, 1.3
9293441, 1.3
9469973, 1.3
9476003, 1.3
9635968, 1.3
9851194, 1.3
9853294, 1.3
10221172, 1.3
12629723, 1.3
12676742, 1.3
9277770, 1.24
9492557, 1.24
8017772, 1.24
11042069, 1.22
8004170, 1.2
7968392, 1.2
9022886, 1.2
11364330, 1.2
7917227, 1.17
11715608, 1.12
10083145, 1.1
8073527, 1.07
10641761, 1.07
10786770, 1.07
10933579, 1.07
11180739, 1.07
8596575, 1.07
8980220, 1.07
9384536, 1.07
9513501, 1.07
10392160, 1.07
12495925, 1.07
12788404, 1.07
12804550, 1.07
8251557, 1.06
8280307, 1.06
8304622, 1.06
8108932, 1.06
8127042, 1.06
8154137, 1.06
8170821, 1.06
1345244, 1.06
8066676, 1.06
7941184, 1.06
7842095, 1.06
7856257, 1.06
7778508, 1.06
10572827, 1.06
10602936, 1.06
10648993, 1.06
10654913, 1.06
10672912, 1.06
10793043, 1.06
11021161, 1.06
10981050, 1.06
11277024, 1.06
11351627, 1.06
11417276, 1.06
11512330, 1.06
11512335, 1.06
11512337, 1.06
11512343, 1.06
11512344, 1.06
11512346, 1.06
11512347, 1.06
11512352, 1.06
11512354, 1.06
11512356, 1.06
11524790, 1.06
11528804, 1.06
11642199, 1.06
11684572, 1.06
11688377, 1.06
11692532, 1.06
11696762, 1.06
11744491, 1.06
11795131, 1.06
11912273, 1.06
12076956, 1.06
12093885, 1.06
12108464, 1.06
12235751, 1.06
12238069, 1.06
12238167, 1.06
12376391, 1.06
7720326, 1.06
7726016, 1.06
7737818, 1.06
7603225, 1.06
11026326, 1.06
11026331, 1.06
11782544, 1.06
9509866, 1.06
8109822, 0.98
8056382, 0.98
7927596, 0.98
7931121, 0.98
7875818, 0.98
10532252, 0.98
10638790, 0.98
10939839, 0.98
10968306, 0.98
11086272, 0.98
11341488, 0.98
11411334, 0.98
11890092, 0.98
12101975, 0.98
12400256, 0.98
7550699, 0.98
8596324, 0.98
8909142, 0.98
9074590, 0.98
9362776, 0.98
9643763, 0.98
10181796, 0.98
9721570, 0.98
9879175, 0.98
10432541, 0.98
10439606, 0.98
12230478, 0.98
12464848, 0.98
12572995, 0.98
8303082, 0.88
8138246, 0.88
10607602, 0.88
10799001, 0.88
10840731, 0.88
10840765, 0.88
11042142, 0.88
11124434, 0.88
11394345, 0.88
11406707, 0.88
11873658, 0.88
7534669, 0.88
8525661, 0.88
8702161, 0.88
9001185, 0.88
9191217, 0.88
9513507, 0.88
9803376, 0.88
9868358, 0.88
9918039, 0.88
9918040, 0.88
10023851, 0.88
12357951, 0.88
12357958, 0.88
12424608, 0.88
12669646, 0.88
8042035, 0.84
8084955, 0.84
7951718, 0.84
10874766, 0.84
10905945, 0.84
10914096, 0.84
10969619, 0.84
10974880, 0.84
11062428, 0.84
11200612, 0.84
11158711, 0.84
11313200, 0.84
11717733, 0.84
11719696, 0.84
11729763, 0.84
11768745, 0.84
11753346, 0.84
11837908, 0.84
11954508, 0.84
12177556, 0.84
12210035, 0.84
12380216, 0.84
12395974, 0.84
7652848, 0.84
8546604, 0.84
8654785, 0.84
8685416, 0.84
8753525, 0.84
8743684, 0.84
8772910, 0.84
10162778, 0.84
8987125, 0.84
9006395, 0.84
9217727, 0.84
9300959, 0.84
9347758, 0.84
9456847, 0.84
9567557, 0.84
9571551, 0.84
9680636, 0.84
10186519, 0.84
9732121, 0.84
9891173, 0.84
10076174, 0.84
10093151, 0.84
10399394, 0.84
10486431, 0.84
12269525, 0.84
12296607, 0.84
12296601, 0.84
12296604, 0.84
12430785, 0.84
12539814, 0.84
12613051, 0.84
12756029, 0.84
12829960, 0.84
9392154, 0.84
9528357, 0.79
12110214, 0.78
7550711, 0.78
8269666, 0.76
8120974, 0.76
1344279, 0.76
1345058, 0.76
7875845, 0.76
10543047, 0.76
10563111, 0.76
10670184, 0.76
7903771, 0.76
8131095, 0.76
8004968, 0.76
8011736, 0.76
10656880, 0.76
10706272, 0.76
10783874, 0.76
10840766, 0.76
10866490, 0.76
10890539, 0.76
10973081, 0.76
11014179, 0.76
11184447, 0.76
11236984, 0.76
11301014, 0.76
11509248, 0.76
11590420, 0.76
11706706, 0.76
11714662, 0.76
11762032, 0.76
11825014, 0.76
11885956, 0.76
11898435, 0.76
11908777, 0.76
11917547, 0.76
12362751, 0.76
7895510, 0.76
7540791, 0.76
7475021, 0.76
8659192, 0.76
8699806, 0.76
8825282, 0.76
8872018, 0.76
8994299, 0.76
9056940, 0.76
9063102, 0.76
9097721, 0.76
9136666, 0.76
9334336, 0.76
9675841, 0.76
9773081, 0.76
9803408, 0.76
9821302, 0.76
10090008, 0.76
10229899, 0.76
10335446, 0.76
10371977, 0.76
10375963, 0.76
10389155, 0.76
12196385, 0.76
12355841, 0.76
12536207, 0.76
12660724, 0.76
14561079, 0.76
7912450, 0.75
1345604, 0.75
7821643, 0.75
7855259, 0.75
10599250, 0.75
10606203, 0.75
10761190, 0.75
10904773, 0.75
10941417, 0.75
10975405, 0.75
11004901, 0.75
11022734, 0.75
11026320, 0.75
11026321, 0.75
11026333, 0.75
11026334, 0.75
11029410, 0.75
11044711, 0.75
11059328, 0.75
11152407, 0.75
11196308, 0.75
11370093, 0.75
11380486, 0.75
11594719, 0.75
11731993, 0.75
11742770, 0.75
11775448, 0.75
11985216, 0.75
12001453, 0.75
12073319, 0.75
12082383, 0.75
12238113, 0.75
7652529, 0.75
7584940, 0.75
7490986, 0.75
8531814, 0.75
8584702, 0.75
8562081, 0.75
8693589, 0.75
8701812, 0.75
8948318, 0.75
9108929, 0.75
9189715, 0.75
9351701, 0.75
9392138, 0.75
9392153, 0.75
9392155, 0.75
9392158, 0.75
9403847, 0.75
9453720, 0.75
9443920, 0.75
9558706, 0.75
9634418, 0.75
9774357, 0.75
9863451, 0.75
10325750, 0.75
10327796, 0.75
10415884, 0.75
12001431, 0.75
12511001, 0.75
14556304, 0.75
8584727, 0.72
9597637, 0.72
11154319, 0.72
8787942, 0.71
8241630, 0.68
7504924, 0.68
7507352, 0.68
9934167, 0.68
8162311, 0.64
11233450, 0.64
7655151, 0.64
8519532, 0.64
8584705, 0.64
1341762, 0.61
8268191, 0.61
8274752, 0.61
8278692, 0.61
7904362, 0.61
8111396, 0.61
8150577, 0.61
8184106, 0.61
8205200, 0.61
8208639, 0.61
8209250, 0.61
8042853, 0.61
7914268, 0.61
8062651, 0.61
7915117, 0.61
7765201, 0.61
7941047, 0.61
7969223, 0.61
7981704, 0.61
7987338, 0.61
7833944, 0.61
7845927, 0.61
7849730, 0.61
7886200, 0.56
7707973, 0.56
10604459, 0.56
10683586, 0.56
10760250, 0.56
10906561, 0.56
10948520, 0.56
10957984, 0.56
11026337, 0.56
11036589, 0.56
11050957, 0.56
11370087, 0.56
11450233, 0.56
11490618, 0.56
11530735, 0.56
12025203, 0.56
12026613, 0.56
12049660, 0.56
12099038, 0.56
12418204, 0.56
12432651, 0.56
8563817, 0.56
8729311, 0.56
8879480, 0.56
9204456, 0.56
9330320, 0.56
9330679, 0.56
9599928, 0.56
9760518, 0.56
9921485, 0.56
12374018, 0.56
12438320, 0.56
12710212, 0.56
14503321, 0.56
14577245, 0.56
12762224, 0.53
10827763, 0.5
12025201, 0.5
10190166, 0.5
7904369, 0.48
7509489, 0.48
8209140, 0.48
8049251, 0.48
8052540, 0.48
7978826, 0.48
7854184, 0.48
7881098, 0.48
7535974, 0.48
10547782, 0.48
10549527, 0.48
10566189, 0.48
10614012, 0.48
10668562, 0.48
10707641, 0.48
10818747, 0.48
10838695, 0.48
10840739, 0.48
10840740, 0.48
10840764, 0.48
10909080, 0.48
10917606, 0.48
10917656, 0.48
11121014, 0.48
11125575, 0.48
11142007, 0.48
11191307, 0.48
11217613, 0.48
11218647, 0.48
11236667, 0.48
11305096, 0.48
11332819, 0.48
11424449, 0.48
11449729, 0.48
11450235, 0.48
11450239, 0.48
11571858, 0.48
11665594, 0.48
11680684, 0.48
11859775, 0.48
11908055, 0.48
11974917, 0.48
12043114, 0.48
12099054, 0.48
12125118, 0.48
12418205, 0.48
7765532, 0.48
7765533, 0.48
7765535, 0.48
7765537, 0.48
7695991, 0.48
7785902, 0.48
7785905, 0.48
7502760, 0.48
7476423, 0.48
7476429, 0.48
