8078555, 6.65
8268191, 6.530000000000001
11026334, 6.27
8017772, 5.949999999999999
10371977, 5.949999999999999
11393865, 5.6899999999999995
11645319, 5.59
10325750, 5.59
8952400, 5.5600000000000005
9918039, 5.54
11042069, 5.51
10840731, 5.3999999999999995
11660362, 5.36
9513501, 5.3500000000000005
11385435, 5.290000000000001
7917227, 5.250000000000001
7917339, 5.250000000000001
7886200, 5.250000000000001
10676943, 5.250000000000001
10760250, 5.250000000000001
10815942, 5.250000000000001
10847851, 5.250000000000001
10881183, 5.250000000000001
10906561, 5.250000000000001
11026337, 5.250000000000001
11490618, 5.250000000000001
11530735, 5.250000000000001
11579022, 5.250000000000001
12418204, 5.250000000000001
7637802, 5.250000000000001
7662357, 5.250000000000001
7662374, 5.250000000000001
7833366, 5.25
10681124, 5.25
11026326, 5.25
11026331, 5.25
11155342, 5.25
11782544, 5.25
9509866, 5.25
12676840, 5.25
11211785, 5.199999999999999
11590420, 5.16
11688377, 5.15
8042853, 5.130000000000001
7821643, 5.09
11051648, 5.03
12001453, 5.03
9932397, 4.98
8751424, 4.9300000000000015
11491539, 4.93
7596431, 4.93
8208639, 4.920000000000001
9915644, 4.92
8584705, 4.91
8805281, 4.91
9097721, 4.88
10939967, 4.88
12511001, 4.8100000000000005
8624862, 4.8
11074359, 4.720000000000001
12073348, 4.720000000000001
11873658, 4.72
7534669, 4.72
9803376, 4.72
10196535, 4.72
12669646, 4.72
8605866, 4.640000000000001
10889845, 4.630000000000001
8131095, 4.62
12881552, 4.59
10470053, 4.58
11031985, 4.550000000000001
11311581, 4.550000000000001
11554301, 4.550000000000001
11698674, 4.550000000000001
8657652, 4.550000000000001
9001575, 4.550000000000001
9579166, 4.550000000000001
10417372, 4.550000000000001
12501845, 4.550000000000001
11265291, 4.48
8532878, 4.46
11426499, 4.46
7849515, 4.45
10536507, 4.45
7644101, 4.45
8664557, 4.45
10094568, 4.43
10338206, 4.43
8165307, 4.43
12370630, 4.42
7777762, 4.42
8558636, 4.42
9246123, 4.42
10029013, 4.42
11985216, 4.4
10577226, 4.390000000000001
11462820, 4.390000000000001
11342186, 4.38
8281051, 4.37
