8078555, 7.960000000000001
8268191, 7.840000000000002
11026334, 7.02
12511001, 6.620000000000001
11393865, 6.4399999999999995
11645319, 6.34
10325750, 6.34
7833366, 6.3
10681124, 6.3
11026326, 6.3
11026331, 6.3
11155342, 6.3
11782544, 6.3
9509866, 6.3
12676840, 6.3
11042069, 6.22
11660362, 5.970000000000001
8017772, 5.949999999999999
10371977, 5.949999999999999
11426499, 5.94
11590420, 5.91
11385435, 5.900000000000001
7917227, 5.860000000000001
7917339, 5.860000000000001
7886200, 5.860000000000001
10676943, 5.860000000000001
10760250, 5.860000000000001
10815942, 5.860000000000001
10847851, 5.860000000000001
10881183, 5.860000000000001
10906561, 5.860000000000001
11026337, 5.860000000000001
11490618, 5.860000000000001
11530735, 5.860000000000001
11579022, 5.860000000000001
12418204, 5.860000000000001
7637802, 5.860000000000001
7662357, 5.860000000000001
7662374, 5.860000000000001
7821643, 5.84
11051648, 5.78
12001453, 5.78
7849515, 5.760000000000001
10536507, 5.760000000000001
11688377, 5.760000000000001
7644101, 5.760000000000001
8664557, 5.760000000000001
8042853, 5.740000000000001
8952400, 5.5600000000000005
9918039, 5.54
8584705, 5.54
11491539, 5.54
7596431, 5.54
8208639, 5.530000000000001
10724104, 5.4
11265651, 5.4
12238111, 5.4
12428361, 5.4
10840731, 5.3999999999999995
8605866, 5.390000000000001
9513501, 5.3500000000000005
12881552, 5.34
10889845, 5.240000000000001
11211785, 5.199999999999999
9614303, 5.16
11985216, 5.15
10463327, 5.069999999999999
8281051, 4.98
9932397, 4.98
10667124, 4.9799999999999995
9392154, 4.9799999999999995
8599078, 4.97
8751424, 4.9300000000000015
9915644, 4.92
8805281, 4.91
9097721, 4.88
11298485, 4.88
10939967, 4.88
8624862, 4.8
11074359, 4.720000000000001
12073348, 4.720000000000001
11873658, 4.72
7534669, 4.72
9803376, 4.72
10196535, 4.72
12669646, 4.72
8278692, 4.7
11305017, 4.7
8131095, 4.62
7707978, 4.6
10470053, 4.58
11031985, 4.550000000000001
11311581, 4.550000000000001
11554301, 4.550000000000001
11698674, 4.550000000000001
8657652, 4.550000000000001
9001575, 4.550000000000001
9579166, 4.550000000000001
10417372, 4.550000000000001
12501845, 4.550000000000001
