8078555, 8.57
8268191, 8.450000000000001
11026334, 7.77
12511001, 7.370000000000001
7833366, 7.35
10681124, 7.35
11026326, 7.35
11026331, 7.35
11155342, 7.35
11782544, 7.35
9509866, 7.35
12676840, 7.35
11393865, 7.1899999999999995
11645319, 7.09
10325750, 7.09
11042069, 6.93
7821643, 6.59
11660362, 6.580000000000001
11426499, 6.550000000000001
11051648, 6.53
12001453, 6.53
11385435, 6.510000000000002
7917227, 6.4700000000000015
7917339, 6.4700000000000015
7886200, 6.4700000000000015
10676943, 6.4700000000000015
10760250, 6.4700000000000015
10815942, 6.4700000000000015
10847851, 6.4700000000000015
10881183, 6.4700000000000015
10906561, 6.4700000000000015
11026337, 6.4700000000000015
11490618, 6.4700000000000015
11530735, 6.4700000000000015
11579022, 6.4700000000000015
12418204, 6.4700000000000015
7637802, 6.4700000000000015
7662357, 6.4700000000000015
7662374, 6.4700000000000015
7849515, 6.370000000000001
10536507, 6.370000000000001
11688377, 6.370000000000001
7644101, 6.370000000000001
8664557, 6.370000000000001
8042853, 6.350000000000001
8584705, 6.17
11491539, 6.15
7596431, 6.15
8208639, 6.1400000000000015
8605866, 6.140000000000001
12881552, 6.09
10724104, 6.010000000000001
11265651, 6.010000000000001
12238111, 6.010000000000001
12428361, 6.010000000000001
8017772, 5.949999999999999
10371977, 5.949999999999999
11590420, 5.91
11985216, 5.9
10889845, 5.850000000000001
10667124, 5.81
9392154, 5.81
9614303, 5.79
8281051, 5.590000000000001
8952400, 5.5600000000000005
9918039, 5.54
11298485, 5.49
10840731, 5.3999999999999995
9513501, 5.3500000000000005
8278692, 5.3100000000000005
11305017, 5.3100000000000005
8202128, 5.25
8209245, 5.25
7912450, 5.25
8036501, 5.25
1345604, 5.25
7765148, 5.25
7939673, 5.25
7855259, 5.25
7874162, 5.25
7743971, 5.25
10567621, 5.25
10591200, 5.25
10599250, 5.25
10606203, 5.25
10614408, 5.25
10761190, 5.25
10836874, 5.25
10884090, 5.25
10904773, 5.25
10914388, 5.25
10941417, 5.25
10975405, 5.25
11004901, 5.25
11021860, 5.25
11022734, 5.25
11026320, 5.25
11026321, 5.25
11026333, 5.25
11029410, 5.25
