8268191, 9.58
8078555, 9.18
11026334, 9.15
7833366, 8.4
10681124, 8.4
11026326, 8.4
11026331, 8.4
11155342, 8.4
11782544, 8.4
9509866, 8.4
12676840, 8.4
12511001, 8.120000000000001
11393865, 7.9399999999999995
11645319, 7.84
10325750, 7.84
11426499, 7.700000000000001
11042069, 7.64
8042853, 7.480000000000001
7821643, 7.34
8208639, 7.300000000000002
11051648, 7.28
12001453, 7.28
11660362, 7.190000000000001
11385435, 7.120000000000002
7917227, 7.080000000000002
7917339, 7.080000000000002
7886200, 7.080000000000002
10676943, 7.080000000000002
10760250, 7.080000000000002
10815942, 7.080000000000002
10847851, 7.080000000000002
10881183, 7.080000000000002
10906561, 7.080000000000002
11026337, 7.080000000000002
11490618, 7.080000000000002
11530735, 7.080000000000002
11579022, 7.080000000000002
12418204, 7.080000000000002
7637802, 7.080000000000002
7662357, 7.080000000000002
7662374, 7.080000000000002
7849515, 6.980000000000001
10536507, 6.980000000000001
11688377, 6.980000000000001
7644101, 6.980000000000001
8664557, 6.980000000000001
8605866, 6.890000000000001
12881552, 6.84
8584705, 6.8
11491539, 6.760000000000001
7596431, 6.760000000000001
11985216, 6.65
10667124, 6.64
9392154, 6.64
10724104, 6.620000000000001
11265651, 6.620000000000001
12238111, 6.620000000000001
12428361, 6.620000000000001
7717393, 6.58
10889845, 6.460000000000002
9614303, 6.42
8281051, 6.200000000000001
11298485, 6.1000000000000005
7904362, 6.08
8202128, 6.0
8209245, 6.0
7912450, 6.0
8036501, 6.0
1345604, 6.0
7765148, 6.0
7939673, 6.0
7855259, 6.0
7874162, 6.0
7743971, 6.0
10567621, 6.0
10591200, 6.0
10599250, 6.0
10606203, 6.0
10614408, 6.0
10761190, 6.0
10836874, 6.0
10884090, 6.0
10904773, 6.0
10914388, 6.0
10941417, 6.0
10975405, 6.0
11004901, 6.0
11021860, 6.0
11022734, 6.0
11026320, 6.0
11026321, 6.0
11026333, 6.0
11029410, 6.0
11042846, 6.0
11044711, 6.0
11059328, 6.0
11130845, 6.0
11152407, 6.0
11196308, 6.0
11214384, 6.0
