8268191, 10.19
11026334, 9.9
8078555, 9.79
7833366, 9.450000000000001
10681124, 9.450000000000001
11026326, 9.450000000000001
11026331, 9.450000000000001
11155342, 9.450000000000001
11782544, 9.450000000000001
9509866, 9.450000000000001
12676840, 9.450000000000001
12511001, 8.870000000000001
11393865, 8.69
11645319, 8.59
10325750, 8.59
8208639, 8.460000000000003
11042069, 8.35
11426499, 8.31
8042853, 8.090000000000002
7821643, 8.09
11051648, 8.030000000000001
12001453, 8.030000000000001
11660362, 7.800000000000002
11385435, 7.730000000000002
7917227, 7.690000000000002
7917339, 7.690000000000002
7886200, 7.690000000000002
10676943, 7.690000000000002
10760250, 7.690000000000002
10815942, 7.690000000000002
10847851, 7.690000000000002
10881183, 7.690000000000002
10906561, 7.690000000000002
11026337, 7.690000000000002
11490618, 7.690000000000002
11530735, 7.690000000000002
11579022, 7.690000000000002
12418204, 7.690000000000002
7637802, 7.690000000000002
7662357, 7.690000000000002
7662374, 7.690000000000002
8605866, 7.640000000000001
7849515, 7.590000000000002
10536507, 7.590000000000002
11688377, 7.590000000000002
7644101, 7.590000000000002
8664557, 7.590000000000002
12881552, 7.59
10667124, 7.47
9392154, 7.47
8584705, 7.43
11985216, 7.4
11491539, 7.370000000000001
7596431, 7.370000000000001
10724104, 7.230000000000001
11265651, 7.230000000000001
12238111, 7.230000000000001
12428361, 7.230000000000001
7717393, 7.19
7807830, 7.140000000000001
10590609, 7.140000000000001
10835617, 7.140000000000001
10971884, 7.140000000000001
11393162, 7.140000000000001
11645065, 7.140000000000001
7816121, 7.140000000000001
7872737, 7.140000000000001
8540866, 7.140000000000001
10889845, 7.070000000000002
9614303, 7.05
8281051, 6.810000000000001
8202128, 6.75
8209245, 6.75
7912450, 6.75
8036501, 6.75
1345604, 6.75
7765148, 6.75
7939673, 6.75
7855259, 6.75
7874162, 6.75
7743971, 6.75
10567621, 6.75
10591200, 6.75
10599250, 6.75
10606203, 6.75
10614408, 6.75
10761190, 6.75
10836874, 6.75
10884090, 6.75
10904773, 6.75
10914388, 6.75
10941417, 6.75
10975405, 6.75
11004901, 6.75
11021860, 6.75
11022734, 6.75
11026320, 6.75
11026321, 6.75
11026333, 6.75
11029410, 6.75
