8083292, 2.16
8251086, 1.33
10132780, 1.33
7856613, 1.33
10641240, 1.33
11143032, 1.33
11907312, 1.33
12457782, 1.33
9218404, 1.33
9791390, 1.33
7707951, 1.25
10738386, 1.09
10748471, 1.09
10755842, 1.09
11166351, 1.09
11293181, 1.09
11680227, 1.09
11812550, 1.09
11883501, 1.09
12018759, 1.09
7581682, 1.09
8667676, 1.09
8713868, 1.09
8962414, 1.09
9163977, 1.09
9353717, 1.09
9702752, 1.09
9796248, 1.09
9873770, 1.09
9881919, 1.09
9989711, 1.09
12824564, 1.09
12854592, 1.09
14522528, 1.09
11043339, 1.08
8531787, 1.08
9243857, 1.08
10435052, 0.98
8257586, 0.97
7964984, 0.97
10699262, 0.97
10810519, 0.97
11021197, 0.97
8521255, 0.97
8694434, 0.97
10372356, 0.97
10508594, 0.97
12953621, 0.97
8251087, 0.94
8290769, 0.94
10135198, 0.94
8069084, 0.94
7998123, 0.94
10595203, 0.94
10603810, 0.94
10776148, 0.94
10791298, 0.94
10892058, 0.94
11067431, 0.94
11022443, 0.94
11033666, 0.94
11096959, 0.94
11143631, 0.94
11220859, 0.94
11265315, 0.94
11373195, 0.94
11410187, 0.94
11789524, 0.94
11951645, 0.94
12049179, 0.94
12465198, 0.94
7795291, 0.94
7647466, 0.94
7581673, 0.94
7581661, 0.94
8754432, 0.94
8781240, 0.94
8874696, 0.94
9070770, 0.94
9075228, 0.94
9113658, 0.94
9128607, 0.94
9170185, 0.94
9230519, 0.94
9276310, 0.94
9287872, 0.94
10173872, 0.94
9462149, 0.94
9732688, 0.94
9740965, 0.94
9841363, 0.94
9816348, 0.94
10385297, 0.94
10396353, 0.94
10410072, 0.94
12176548, 0.94
12176549, 0.94
12448118, 0.94
12650049, 0.94
12737168, 0.94
12827119, 0.94
12854587, 0.94
8139508, 0.89
10629673, 0.89
11357633, 0.89
11961773, 0.89
8563821, 0.89
8924975, 0.89
8767998, 0.89
8791808, 0.89
9216398, 0.89
9216418, 0.89
9697538, 0.89
10067604, 0.89
8295677, 0.89
7707972, 0.89
11538213, 0.89
10589419, 0.89
10866186, 0.89
11379632, 0.89
8531788, 0.89
9348503, 0.89
9889171, 0.89
10503011, 0.89
10503190, 0.89
14532823, 0.89
8869467, 0.86
10385300, 0.86
8251094, 0.85
8252249, 0.85
8279767, 0.85
8156812, 0.85
8165928, 0.85
8181681, 0.85
8203027, 0.85
1670334, 0.85
8057006, 0.85
8069087, 0.85
10567823, 0.82
8787571, 0.82
8902814, 0.82
9149088, 0.82
9298210, 0.82
9390510, 0.82
9825581, 0.82
10372104, 0.82
12705140, 0.82
12724148, 0.82
12773909, 0.82
8694421, 0.78
8170334, 0.76
8009247, 0.76
11070834, 0.76
11469227, 0.76
11607593, 0.76
12418188, 0.76
7482758, 0.76
8521256, 0.76
9115728, 0.76
9243935, 0.76
9379502, 0.76
9850968, 0.76
11370512, 0.73
11905353, 0.73
8307923, 0.73
7509696, 0.73
8118521, 0.73
8118667, 0.73
8139509, 0.73
8057896, 0.73
7862591, 0.73
7704735, 0.73
7757527, 0.73
7757781, 0.73
10532038, 0.73
10563340, 0.73
10604365, 0.73
10778705, 0.73
10844889, 0.73
11022105, 0.73
11043288, 0.73
11212836, 0.73
11344809, 0.73
11395999, 0.73
11450270, 0.73
11550479, 0.73
11557823, 0.73
11906347, 0.73
12013808, 0.73
12415784, 0.73
7476495, 0.73
7476553, 0.73
7476523, 0.73
8531797, 0.73
8570501, 0.73
8563805, 0.73
8563818, 0.73
8924971, 0.73
8924972, 0.73
8791810, 0.73
8818475, 0.73
8984052, 0.73
8993598, 0.73
9117742, 0.73
9048081, 0.73
9143597, 0.73
9174694, 0.73
9627254, 0.73
9664414, 0.73
9664444, 0.73
9664454, 0.73
9680634, 0.73
9751881, 0.73
9751885, 0.73
9885112, 0.73
10224420, 0.73
12071008, 0.73
12675230, 0.73
12712683, 0.73
12728709, 0.73
12728710, 0.73
12804938, 0.73
14577238, 0.73
12774837, 0.73
11477290, 0.71
8029028, 0.71
7921025, 0.71
7976033, 0.71
7836683, 0.71
10659430, 0.71
11252716, 0.71
8694480, 0.71
8922615, 0.71
9257531, 0.71
9591286, 0.71
9664382, 0.71
9664471, 0.71
12418861, 0.71
13676998, 0.71
7506449, 0.69
7861971, 0.69
11069612, 0.69
11127792, 0.69
11214469, 0.69
11345348, 0.69
8531716, 0.69
8527134, 0.69
8914113, 0.69
9009716, 0.69
9023504, 0.69
9243922, 0.69
9327989, 0.69
9487027, 0.69
9594654, 0.69
10023537, 0.69
10353003, 0.69
11836742, 0.69
13676999, 0.69
9391845, 0.67
8283742, 0.65
10781343, 0.65
11710495, 0.65
12175220, 0.65
8694453, 0.65
9403797, 0.65
9762715, 0.65
12140277, 0.64
8264386, 0.63
8278532, 0.63
8118516, 0.63
8144148, 0.63
8057905, 0.63
7918298, 0.63
7952832, 0.63
1364756, 0.63
7968623, 0.63
7968637, 0.63
7825017, 0.63
7860477, 0.63
7707947, 0.63
7749312, 0.63
7757538, 0.63
7634277, 0.63
10536477, 0.63
10549536, 0.63
10685401, 0.63
10787524, 0.63
10699829, 0.63
10707647, 0.63
10732417, 0.63
10807863, 0.63
10840709, 0.63
10797460, 0.63
10916057, 0.63
11344099, 0.63
11457087, 0.63
11508485, 0.63
11896740, 0.63
7519289, 0.56
8293465, 0.5
8011149, 0.5
7622359, 0.5
7632011, 0.5
10635864, 0.5
10726468, 0.5
10922029, 0.5
10936963, 0.5
11110604, 0.5
11125472, 0.5
11155590, 0.5
11209094, 0.5
11516961, 0.5
11524773, 0.5
11907865, 0.5
12353013, 0.5
7896475, 0.5
7569427, 0.5
7486555, 0.5
8531680, 0.5
8594374, 0.5
8778808, 0.5
8658200, 0.5
8934935, 0.5
8939682, 0.5
9057355, 0.5
9144863, 0.5
9267080, 0.5
11364420, 0.5
9850334, 0.5
9851147, 0.5
9988212, 0.5
10361578, 0.5
12421574, 0.5
12461187, 0.5
12620100, 0.5
12658901, 0.5
12669313, 0.5
12761860, 0.5
12824632, 0.5
12847726, 0.5
12876498, 0.5
8109711, 0.48
8111540, 0.48
8613172, 0.48
10852586, 0.48
11688150, 0.48
11757701, 0.48
7719981, 0.48
8934809, 0.48
9865282, 0.46
7508175, 0.43
8163865, 0.43
8016381, 0.43
7819276, 0.43
7722783, 0.43
7587058, 0.43
8665165, 0.43
10791322, 0.43
10948557, 0.43
11509174, 0.43
12103356, 0.43
7607627, 0.43
8642274, 0.43
8890657, 0.43
9159390, 0.43
9186689, 0.43
9212496, 0.43
9451354, 0.43
9761946, 0.43
9874581, 0.43
10047851, 0.43
10075571, 0.43
12405185, 0.43
12461049, 0.43
12948766, 0.43
12081885, 0.42
8968999, 0.42
9761967, 0.42
11370226, 0.41
7504447, 0.41
8265845, 0.41
8273518, 0.41
7905712, 0.41
8109393, 0.41
8131185, 0.41
7908354, 0.41
8150622, 0.41
8154349, 0.41
8159639, 0.41
8168427, 0.41
8170934, 0.41
1670092, 0.41
8007119, 0.41
8007140, 0.41
8007149, 0.41
8007156, 0.41
