11239453, 1.11
12086603, 1.06
12239151, 1.06
12887909, 1.06
12093742, 1.01
12239156, 0.96
11750104, 0.91
12447395, 0.91
12893777, 0.91
14517836, 0.91
11239454, 0.86
11939257, 0.86
12507559, 0.86
12393398, 0.81
12874027, 0.81
12973351, 0.81
11673408, 0.76
12389351, 0.71
12435850, 0.71
12692539, 0.71
12649160, 0.71
11751423, 0.66
12117768, 0.66
12210728, 0.55
12444097, 0.55
12766948, 0.55
12637330, 0.55
11530803, 0.5
11719385, 0.5
11733219, 0.5
12001267, 0.5
12354784, 0.5
12432219, 0.5
12118365, 0.45
12351379, 0.45
12483114, 0.45
12748186, 0.45
12827451, 0.45
14599770, 0.45
11520787, 0.4
11854176, 0.4
12507302, 0.35
