8952400, 4.62
9918039, 3.8
11031985, 3.7800000000000002
11311581, 3.7800000000000002
11554301, 3.7800000000000002
11698674, 3.7800000000000002
8657652, 3.7800000000000002
9001575, 3.7800000000000002
9579166, 3.7800000000000002
10417372, 3.7800000000000002
12501845, 3.7800000000000002
8017772, 3.51
10371977, 3.51
12370630, 3.5
7777762, 3.5
8558636, 3.5
9246123, 3.5
10029013, 3.5
11385435, 3.46
10915876, 3.3600000000000003
8805281, 3.3600000000000003
11688377, 3.3200000000000003
8287470, 3.24
8078817, 3.24
7935809, 3.24
7938553, 3.24
7973626, 3.24
7801120, 3.24
11074359, 3.24
11265291, 3.24
11339207, 3.24
8532878, 3.1
12376391, 3.0
10840731, 2.98
11873658, 2.98
7534669, 2.98
9803376, 2.98
10196535, 2.98
12669646, 2.98
12958444, 2.95
7512705, 2.76
11660362, 2.76
8273334, 2.74
7910254, 2.74
7910255, 2.74
7910256, 2.74
7911197, 2.74
8048247, 2.74
10624171, 2.74
10742084, 2.74
10836908, 2.74
11211666, 2.74
11314059, 2.74
11354426, 2.74
11784815, 2.74
12006979, 2.74
12211876, 2.74
12360723, 2.74
7503861, 2.74
7632367, 2.74
7636372, 2.74
8561948, 2.74
8727666, 2.74
9046128, 2.74
9126113, 2.74
9126114, 2.74
9531821, 2.74
9602964, 2.74
9640980, 2.74
9735792, 2.74
10102109, 2.74
10227962, 2.74
10525693, 2.74
12608392, 2.74
12646871, 2.74
10094568, 2.69
7956069, 2.6799999999999997
9859984, 2.64
10080165, 2.64
7833391, 2.62
10755419, 2.62
8796044, 2.6
11819996, 2.58
8245681, 2.58
8265919, 2.58
8265924, 2.58
8265931, 2.58
7511831, 2.58
8193045, 2.58
8203039, 2.58
8007354, 2.58
8046377, 2.58
7974921, 2.58
7996813, 2.58
7533321, 2.58
10534525, 2.58
10581763, 2.58
10712764, 2.58
11007813, 2.58
11021227, 2.58
