1263, 0.28500000000000003
3252, 0.235
3248, 0.235
3251, 0.21000000000000002
1223, 0.20500000000000002
8898, 0.19
2218, 0.185
177, 0.18
8831, 0.175
3130, 0.175
3680, 0.175
186, 0.175
162, 0.16999999999999998
4688, 0.16999999999999998
1299, 0.165
9081, 0.165
3768, 0.165
1298, 0.16499999999999998
1127, 0.16
3652, 0.16
1328, 0.16
2891, 0.15
1262, 0.14500000000000002
8777, 0.14
1643, 0.14
3245, 0.14
8925, 0.14
9038, 0.135
1229, 0.135
8752, 0.135
8884, 0.135
4637, 0.135
1244, 0.13
2229, 0.13
2875, 0.13
204, 0.13
8832, 0.13
8909, 0.13
206, 0.13
1213, 0.125
1089, 0.125
1274, 0.125
4696, 0.125
1242, 0.12000000000000001
577, 0.12
1250, 0.12
24, 0.12
1246, 0.12
1269, 0.12
1297, 0.12
1209, 0.115
1284, 0.115
8851, 0.115
4198, 0.115
1210, 0.11
922, 0.11
1216, 0.11
8783, 0.11
9057, 0.11
1200, 0.11
1245, 0.11
1272, 0.11
4672, 0.11
1331, 0.105
8861, 0.105
1226, 0.105
1279, 0.105
1469, 0.105
8886, 0.105
1103, 0.1
9184, 0.1
163, 0.1
470, 0.1
4335, 0.1
8792, 0.1
176, 0.1
198, 0.1
1222, 0.1
1232, 0.1
1241, 0.1
3244, 0.1
8732, 0.1
8899, 0.1
9121, 0.1
1819, 0.095
2335, 0.095
165, 0.095
1022, 0.095
1290, 0.095
1228, 0.095
1684, 0.095
2872, 0.095
2873, 0.095
2892, 0.095
2893, 0.095
9096, 0.095
543, 0.09
9127, 0.09
9174, 0.09
518, 0.09
1023, 0.09
3250, 0.09
4123, 0.09
171, 0.09
1235, 0.09
1280, 0.09
2874, 0.09
3246, 0.09
3860, 0.09
4610, 0.09
8737, 0.09
8750, 0.09
8859, 0.09
8862, 0.09
3093, 0.085
4197, 0.085
1382, 0.085
192, 0.085
211, 0.085
1005, 0.085
1293, 0.085
1295, 0.085
8731, 0.085
8826, 0.085
8900, 0.085
8917, 0.085
9101, 0.085
430, 0.08
504, 0.08
1169, 0.08
1455, 0.08
3523, 0.08
8823, 0.08
3527, 0.08
4336, 0.08
4341, 0.08
4349, 0.08
8807, 0.08
197, 0.08
1095, 0.08
1205, 0.08
1243, 0.08
2351, 0.08
2876, 0.08
2890, 0.08
8818, 0.08
9039, 0.08
9050, 0.08
8780, 0.08
30, 0.075
48, 0.075
505, 0.075
709, 0.075
1186, 0.075
1211, 0.075
1332, 0.075
1854, 0.075
3525, 0.075
4196, 0.075
4690, 0.075
9202, 0.075
557, 0.075
1669, 0.075
4270, 0.075
4387, 0.075
9176, 0.075
166, 0.075
170, 0.075
179, 0.075
194, 0.075
586, 0.075
1251, 0.075
1289, 0.075
2878, 0.075
3132, 0.075
8919, 0.075
9137, 0.075
613, 0.07
992, 0.07
1002, 0.07
1174, 0.07
1850, 0.07
2214, 0.07
2287, 0.07
2361, 0.07
2958, 0.07
3854, 0.07
4051, 0.07
4381, 0.07
4691, 0.07
1342, 0.07
3572, 0.07
173, 0.07
546, 0.07
1020, 0.07
1266, 0.07
1287, 0.07
1291, 0.07
1294, 0.07
1542, 0.07
3591, 0.07
8760, 0.07
8762, 0.07
8802, 0.07
1247, 0.07
9036, 0.07
565, 0.065
569, 0.065
1231, 0.065
1324, 0.065
3526, 0.065
3908, 0.065
4581, 0.065
4641, 0.065
4686, 0.065
1504, 0.065
4350, 0.065
2324, 0.065
2884, 0.065
3592, 0.065
4193, 0.065
8827, 0.065
8873, 0.065
8931, 0.065
9130, 0.065
9132, 0.065
9151, 0.065
9159, 0.065
594, 0.06
629, 0.06
1431, 0.06
1447, 0.06
1453, 0.06
1533, 0.06
1625, 0.06
2334, 0.06
2898, 0.06
3350, 0.06
3532, 0.06
4310, 0.06
4717, 0.06
8836, 0.06
9363, 0.06
1326, 0.06
1454, 0.06
1623, 0.06
1565, 0.06
2290, 0.06
2888, 0.06
3138, 0.06
3247, 0.06
3659, 0.06
4764, 0.06
8769, 0.06
8885, 0.06
8920, 0.06
9056, 0.06
9111, 0.06
9156, 0.06
674, 0.055
994, 0.055
1001, 0.055
1003, 0.055
1066, 0.055
1171, 0.055
1199, 0.055
1437, 0.055
1449, 0.055
1506, 0.055
1557, 0.055
1630, 0.055
1855, 0.055
2278, 0.055
3065, 0.055
3562, 0.055
3565, 0.055
4259, 0.055
4330, 0.055
4407, 0.055
4448, 0.055
5757, 0.055
8820, 0.055
1025, 0.055
2882, 0.055
4385, 0.055
4391, 0.055
218, 0.055
578, 0.055
1278, 0.055
3249, 0.055
9186, 0.055
1057, 0.055
1408, 0.055
1790, 0.055
8921, 0.055
172, 0.05
340, 0.05
579, 0.05
608, 0.05
960, 0.05
1026, 0.05
1344, 0.05
1496, 0.05
1529, 0.05
1861, 0.05
2889, 0.05
2979, 0.05
3134, 0.05
3571, 0.05
3840, 0.05
3852, 0.05
4368, 0.05
4668, 0.05
6217, 0.05
8799, 0.05
469, 0.05
472, 0.05
669, 0.05
1240, 0.05
1439, 0.05
1480, 0.05
3870, 0.05
4273, 0.05
207, 0.05
217, 0.05
905, 0.05
1844, 0.05
2880, 0.05
2881, 0.05
3457, 0.05
5990, 0.05
8765, 0.05
8766, 0.05
9006, 0.05
9047, 0.05
8829, 0.05
601, 0.045
618, 0.045
948, 0.045
1035, 0.045
1037, 0.045
1052, 0.045
1188, 0.045
1305, 0.045
1442, 0.045
1445, 0.045
1608, 0.045
1721, 0.045
1797, 0.045
2883, 0.045
3124, 0.045
3557, 0.045
3655, 0.045
4500, 0.045
5801, 0.045
9196, 0.045
1574, 0.045
1256, 0.045
2208, 0.045
8825, 0.045
8845, 0.045
8883, 0.045
8937, 0.045
1482, 0.045
9112, 0.045
4, 0.04
570, 0.04
598, 0.04
600, 0.04
1033, 0.04
1190, 0.04
1476, 0.04
1487, 0.04
1626, 0.04
4279, 0.04
4692, 0.04
4724, 0.04
4758, 0.04
6063, 0.04
478, 0.04
1419, 0.04
8930, 0.04
4701, 0.04
9049, 0.04
1411, 0.035
2261, 0.035
8969, 0.035
1410, 0.035
4767, 0.035
1319, 0.03
