3679, 0.33486315612998296
3677, 0.2886751345948129
3681, 0.2598076211353316
4167, 0.21939310229205783
2098, 0.2078460969082653
3680, 0.20207259421636903
3693, 0.20207259421636903
4173, 0.19052558883257653
2852, 0.17320508075688776
3850, 0.17320508075688776
3588, 0.14433756729740646
4605, 0.1270170592217177
2271, 0.10969655114602891
9250, 0.10969655114602891
486, 0.10392304845413265
3256, 0.10392304845413265
5213, 0.10392304845413265
6070, 0.10392304845413265
6215, 0.10392304845413265
1102, 0.0981495457622364
2989, 0.0981495457622364
3875, 0.0981495457622364
4996, 0.0981495457622364
6058, 0.0981495457622364
8773, 0.0981495457622364
447, 0.09237604307034014
626, 0.09237604307034014
1649, 0.09237604307034014
2690, 0.09237604307034014
4436, 0.09237604307034014
9286, 0.09237604307034014
9368, 0.09237604307034014
1551, 0.08660254037844388
1616, 0.08660254037844388
2878, 0.08660254037844388
3560, 0.08660254037844388
4037, 0.08660254037844388
5979, 0.08660254037844388
6054, 0.08660254037844388
9171, 0.08660254037844388
438, 0.08082903768654763
1670, 0.08082903768654763
2221, 0.08082903768654763
2223, 0.08082903768654763
2326, 0.08082903768654763
2353, 0.08082903768654763
2869, 0.08082903768654763
3495, 0.08082903768654763
3509, 0.08082903768654763
3527, 0.08082903768654763
3650, 0.08082903768654763
4105, 0.08082903768654763
4237, 0.08082903768654763
6036, 0.08082903768654763
6068, 0.08082903768654763
8958, 0.08082903768654763
8976, 0.08082903768654763
9120, 0.08082903768654763
9135, 0.08082903768654763
9173, 0.08082903768654763
9177, 0.08082903768654763
9328, 0.08082903768654763
516, 0.07505553499465137
606, 0.07505553499465137
642, 0.07505553499465137
676, 0.07505553499465137
1231, 0.07505553499465137
1262, 0.07505553499465137
1296, 0.07505553499465137
1302, 0.07505553499465137
1612, 0.07505553499465137
1839, 0.07505553499465137
3898, 0.07505553499465137
3908, 0.07505553499465137
3931, 0.07505553499465137
4024, 0.07505553499465137
4295, 0.07505553499465137
4301, 0.07505553499465137
4499, 0.07505553499465137
4619, 0.07505553499465137
4760, 0.07505553499465137
4976, 0.07505553499465137
5109, 0.07505553499465137
5122, 0.07505553499465137
5580, 0.07505553499465137
5594, 0.07505553499465137
5788, 0.07505553499465137
6141, 0.07505553499465137
8744, 0.07505553499465137
9258, 0.07505553499465137
9302, 0.07505553499465137
9369, 0.07505553499465137
170, 0.06928203230275509
198, 0.06928203230275509
888, 0.06928203230275509
1053, 0.06928203230275509
1622, 0.06928203230275509
1741, 0.06928203230275509
1794, 0.06928203230275509
2970, 0.06928203230275509
2977, 0.06928203230275509
3113, 0.06928203230275509
3135, 0.06928203230275509
3566, 0.06928203230275509
3617, 0.06928203230275509
3816, 0.06928203230275509
3858, 0.06928203230275509
4014, 0.06928203230275509
4550, 0.06928203230275509
4601, 0.06928203230275509
4615, 0.06928203230275509
4687, 0.06928203230275509
4688, 0.06928203230275509
4742, 0.06928203230275509
5002, 0.06928203230275509
5014, 0.06928203230275509
5138, 0.06928203230275509
6181, 0.06928203230275509
8776, 0.06928203230275509
8779, 0.06928203230275509
8821, 0.06928203230275509
8884, 0.06928203230275509
9059, 0.06928203230275509
9064, 0.06928203230275509
9290, 0.06928203230275509
510, 0.06350852961085884
550, 0.06350852961085884
578, 0.06350852961085884
582, 0.06350852961085884
615, 0.06350852961085884
678, 0.06350852961085884
724, 0.06350852961085884
972, 0.06350852961085884
976, 0.06350852961085884
994, 0.06350852961085884
1001, 0.06350852961085884
1171, 0.06350852961085884
1216, 0.06350852961085884
1247, 0.06350852961085884
1278, 0.06350852961085884
1440, 0.06350852961085884
1450, 0.06350852961085884
1492, 0.06350852961085884
1593, 0.06350852961085884
1796, 0.06350852961085884
2978, 0.06350852961085884
2980, 0.06350852961085884
3140, 0.06350852961085884
3142, 0.06350852961085884
3817, 0.06350852961085884
3832, 0.06350852961085884
3920, 0.06350852961085884
4126, 0.06350852961085884
4178, 0.06350852961085884
4259, 0.06350852961085884
4291, 0.06350852961085884
4294, 0.06350852961085884
4425, 0.06350852961085884
4484, 0.06350852961085884
4529, 0.06350852961085884
4610, 0.06350852961085884
4618, 0.06350852961085884
4714, 0.06350852961085884
5121, 0.06350852961085884
5797, 0.06350852961085884
6160, 0.06350852961085884
8838, 0.06350852961085884
8902, 0.06350852961085884
8921, 0.06350852961085884
8962, 0.06350852961085884
8964, 0.06350852961085884
9036, 0.06350852961085884
9048, 0.06350852961085884
9259, 0.06350852961085884
517, 0.05773502691896259
590, 0.05773502691896259
634, 0.05773502691896259
717, 0.05773502691896259
1344, 0.05773502691896259
1372, 0.05773502691896259
1494, 0.05773502691896259
1497, 0.05773502691896259
1559, 0.05773502691896259
1791, 0.05773502691896259
2214, 0.05773502691896259
2998, 0.05773502691896259
3145, 0.05773502691896259
3378, 0.05773502691896259
3487, 0.05773502691896259
3549, 0.05773502691896259
3844, 0.05773502691896259
3869, 0.05773502691896259
3927, 0.05773502691896259
4209, 0.05773502691896259
4348, 0.05773502691896259
4381, 0.05773502691896259
4465, 0.05773502691896259
4485, 0.05773502691896259
4506, 0.05773502691896259
4535, 0.05773502691896259
4540, 0.05773502691896259
4580, 0.05773502691896259
4592, 0.05773502691896259
4723, 0.05773502691896259
4755, 0.05773502691896259
5131, 0.05773502691896259
6033, 0.05773502691896259
6214, 0.05773502691896259
8792, 0.05773502691896259
8842, 0.05773502691896259
8882, 0.05773502691896259
8897, 0.05773502691896259
8926, 0.05773502691896259
8932, 0.05773502691896259
9033, 0.05773502691896259
9060, 0.05773502691896259
9130, 0.05773502691896259
9184, 0.05773502691896259
3, 0.051961524227066326
21, 0.051961524227066326
193, 0.051961524227066326
636, 0.051961524227066326
638, 0.051961524227066326
898, 0.051961524227066326
908, 0.051961524227066326
959, 0.051961524227066326
1179, 0.051961524227066326
1375, 0.051961524227066326
1518, 0.051961524227066326
2200, 0.051961524227066326
2354, 0.051961524227066326
3082, 0.051961524227066326
3826, 0.051961524227066326
3847, 0.051961524227066326
3893, 0.051961524227066326
4061, 0.051961524227066326
4218, 0.051961524227066326
4222, 0.051961524227066326
4582, 0.051961524227066326
4640, 0.051961524227066326
4741, 0.051961524227066326
4764, 0.051961524227066326
5994, 0.051961524227066326
8746, 0.051961524227066326
8814, 0.051961524227066326
8845, 0.051961524227066326
8954, 0.051961524227066326
9068, 0.051961524227066326
9086, 0.051961524227066326
9091, 0.051961524227066326
9108, 0.051961524227066326
608, 0.04618802153517007
652, 0.04618802153517007
1181, 0.04618802153517007
1190, 0.04618802153517007
1848, 0.04618802153517007
3194, 0.04618802153517007
4394, 0.04618802153517007
4490, 0.04618802153517007
4560, 0.04618802153517007
4595, 0.04618802153517007
4632, 0.04618802153517007
5091, 0.04618802153517007
5096, 0.04618802153517007
6063, 0.04618802153517007
8801, 0.04618802153517007
8891, 0.04618802153517007
8903, 0.04618802153517007
9107, 0.04618802153517007
1067, 0.040414518843273815
1364, 0.040414518843273815
4718, 0.040414518843273815
8969, 0.040414518843273815
5317, 0.034641016151377546
