9344, 0.2593838853899756
2858, 0.25043961347997645
5236, 0.22360679774997896
1347, 0.18335757415498274
3326, 0.18335757415498274
2839, 0.18335757415498274
191, 0.17888543819998318
568, 0.169941166289984
1647, 0.169941166289984
9129, 0.169941166289984
1816, 0.16546903033498445
1824, 0.15652475842498526
1808, 0.1520526224699857
1257, 0.14758048651498612
2834, 0.14758048651498612
1821, 0.14310835055998655
1241, 0.13863621460498696
1220, 0.1341640786499874
714, 0.13416407864998736
3250, 0.13416407864998736
193, 0.1296919426949878
3311, 0.1296919426949878
3843, 0.1296919426949878
1261, 0.12521980673998823
1793, 0.12521980673998823
2883, 0.12521980673998823
3293, 0.12521980673998823
1274, 0.12074767078498866
1019, 0.12074767078498864
2364, 0.12074767078498864
211, 0.11627553482998906
1276, 0.1118033988749895
3114, 0.1118033988749895
2319, 0.11180339887498948
2850, 0.11180339887498948
198, 0.1073312629199899
688, 0.1073312629199899
1655, 0.1073312629199899
3287, 0.1073312629199899
8751, 0.1073312629199899
540, 0.1073312629199899
21, 0.10285912696499033
704, 0.10285912696499033
1253, 0.10285912696499033
2324, 0.10285912696499033
3350, 0.10285912696499033
672, 0.09838699100999075
715, 0.09838699100999075
1270, 0.09838699100999075
1850, 0.09838699100999075
4257, 0.09838699100999075
4306, 0.09838699100999075
3138, 0.09391485505499117
691, 0.09391485505499116
724, 0.09391485505499116
1169, 0.09391485505499116
1653, 0.09391485505499116
1820, 0.09391485505499116
3296, 0.09391485505499116
8836, 0.09391485505499116
9056, 0.09391485505499116
3591, 0.09391485505499116
199, 0.08944271909999159
201, 0.08944271909999159
656, 0.08944271909999159
682, 0.08944271909999159
716, 0.08944271909999159
905, 0.08944271909999159
1260, 0.08944271909999159
1271, 0.08944271909999159
1278, 0.08944271909999159
1283, 0.08944271909999159
1291, 0.08944271909999159
1608, 0.08944271909999159
1788, 0.08944271909999159
2230, 0.08944271909999159
2896, 0.08944271909999159
3299, 0.08944271909999159
3462, 0.08944271909999159
8766, 0.08944271909999159
8899, 0.08944271909999159
8921, 0.08944271909999159
11, 0.084970583144992
208, 0.084970583144992
645, 0.084970583144992
689, 0.084970583144992
721, 0.084970583144992
1236, 0.084970583144992
1255, 0.084970583144992
1282, 0.084970583144992
3115, 0.084970583144992
3120, 0.084970583144992
3607, 0.084970583144992
3854, 0.084970583144992
4668, 0.084970583144992
8798, 0.084970583144992
8812, 0.084970583144992
8926, 0.084970583144992
2895, 0.084970583144992
19, 0.08049844718999243
546, 0.08049844718999243
679, 0.08049844718999243
1207, 0.08049844718999243
1214, 0.08049844718999243
1217, 0.08049844718999243
1391, 0.08049844718999243
1796, 0.08049844718999243
1817, 0.08049844718999243
1851, 0.08049844718999243
2205, 0.08049844718999243
2361, 0.08049844718999243
2371, 0.08049844718999243
3457, 0.08049844718999243
4220, 0.08049844718999243
4776, 0.08049844718999243
8852, 0.08049844718999243
8996, 0.08049844718999243
9101, 0.08049844718999243
9147, 0.08049844718999243
530, 0.08049844718999243
1208, 0.08049844718999243
1223, 0.08049844718999243
1269, 0.08049844718999243
2231, 0.08049844718999243
4099, 0.08049844718999243
6, 0.07602631123499286
172, 0.07602631123499286
175, 0.07602631123499286
642, 0.07602631123499286
1213, 0.07602631123499286
1231, 0.07602631123499286
1238, 0.07602631123499286
1254, 0.07602631123499286
1299, 0.07602631123499286
1300, 0.07602631123499286
1514, 0.07602631123499286
1786, 0.07602631123499286
1805, 0.07602631123499286
1833, 0.07602631123499286
2216, 0.07602631123499286
2320, 0.07602631123499286
2873, 0.07602631123499286
3251, 0.07602631123499286
3297, 0.07602631123499286
3317, 0.07602631123499286
3333, 0.07602631123499286
3357, 0.07602631123499286
8844, 0.07602631123499286
8845, 0.07602631123499286
8890, 0.07602631123499286
8901, 0.07602631123499286
8950, 0.07602631123499286
8951, 0.07602631123499286
8999, 0.07602631123499286
9031, 0.07602631123499286
9069, 0.07602631123499286
581, 0.07602631123499286
1007, 0.07602631123499286
1552, 0.07602631123499286
702, 0.07155417527999328
703, 0.07155417527999328
708, 0.07155417527999328
901, 0.07155417527999328
1037, 0.07155417527999328
1206, 0.07155417527999328
1509, 0.07155417527999328
3288, 0.07155417527999328
3598, 0.07155417527999328
4114, 0.07155417527999328
4630, 0.07155417527999328
4744, 0.07155417527999328
8894, 0.07155417527999328
8897, 0.07155417527999328
9064, 0.07155417527999328
9066, 0.07155417527999328
9096, 0.07155417527999328
9137, 0.07155417527999328
5789, 0.07155417527999328
8889, 0.07155417527999328
539, 0.07155417527999328
585, 0.07155417527999328
1232, 0.07155417527999328
1611, 0.07155417527999328
3248, 0.07155417527999328
4618, 0.07155417527999328
14, 0.06708203932499368
18, 0.06708203932499368
686, 0.06708203932499368
693, 0.06708203932499368
720, 0.06708203932499368
902, 0.06708203932499368
908, 0.06708203932499368
1204, 0.06708203932499368
1245, 0.06708203932499368
1267, 0.06708203932499368
2322, 0.06708203932499368
3144, 0.06708203932499368
3315, 0.06708203932499368
3833, 0.06708203932499368
4333, 0.06708203932499368
8791, 0.06708203932499368
8811, 0.06708203932499368
8831, 0.06708203932499368
8907, 0.06708203932499368
8931, 0.06708203932499368
9039, 0.06708203932499368
9050, 0.06708203932499368
9058, 0.06708203932499368
9086, 0.06708203932499368
1565, 0.06708203932499368
3459, 0.06708203932499368
4601, 0.06708203932499368
218, 0.06708203932499368
1553, 0.06708203932499368
1790, 0.06708203932499368
1843, 0.06708203932499368
3130, 0.06708203932499368
4275, 0.06708203932499368
4391, 0.06708203932499368
522, 0.06260990336999411
678, 0.06260990336999411
680, 0.06260990336999411
687, 0.06260990336999411
711, 0.06260990336999411
712, 0.06260990336999411
713, 0.06260990336999411
909, 0.06260990336999411
1243, 0.06260990336999411
1264, 0.06260990336999411
1287, 0.06260990336999411
1290, 0.06260990336999411
1294, 0.06260990336999411
1361, 0.06260990336999411
1842, 0.06260990336999411
1852, 0.06260990336999411
3111, 0.06260990336999411
3122, 0.06260990336999411
3141, 0.06260990336999411
3337, 0.06260990336999411
3510, 0.06260990336999411
3518, 0.06260990336999411
3859, 0.06260990336999411
4053, 0.06260990336999411
4105, 0.06260990336999411
4743, 0.06260990336999411
8793, 0.06260990336999411
8891, 0.06260990336999411
8906, 0.06260990336999411
9036, 0.06260990336999411
9122, 0.06260990336999411
9135, 0.06260990336999411
9145, 0.06260990336999411
9149, 0.06260990336999411
3088, 0.06260990336999411
9032, 0.06260990336999411
9067, 0.06260990336999411
439, 0.06260990336999411
548, 0.06260990336999411
1802, 0.06260990336999411
3246, 0.06260990336999411
3294, 0.06260990336999411
3609, 0.06260990336999411
194, 0.05813776741499453
1013, 0.05813776741499453
1244, 0.05813776741499453
1277, 0.05813776741499453
1286, 0.05813776741499453
1324, 0.05813776741499453
1344, 0.05813776741499453
1429, 0.05813776741499453
1460, 0.05813776741499453
1563, 0.05813776741499453
2339, 0.05813776741499453
3127, 0.05813776741499453
3818, 0.05813776741499453
4085, 0.05813776741499453
4491, 0.05813776741499453
8750, 0.05813776741499453
8802, 0.05813776741499453
8823, 0.05813776741499453
8827, 0.05813776741499453
8837, 0.05813776741499453
8864, 0.05813776741499453
9102, 0.05813776741499453
1200, 0.05813776741499453
2251, 0.05813776741499453
4155, 0.05813776741499453
543, 0.05813776741499453
1263, 0.05813776741499453
1266, 0.05813776741499453
1434, 0.05813776741499453
2868, 0.05813776741499453
3385, 0.05813776741499453
3595, 0.05813776741499453
3903, 0.05813776741499453
4113, 0.05813776741499453
4684, 0.05813776741499453
170, 0.05366563145999495
685, 0.05366563145999495
903, 0.05366563145999495
1239, 0.05366563145999495
1275, 0.05366563145999495
1285, 0.05366563145999495
1338, 0.05366563145999495
1635, 0.05366563145999495
1747, 0.05366563145999495
1795, 0.05366563145999495
3121, 0.05366563145999495
3247, 0.05366563145999495
3331, 0.05366563145999495
3464, 0.05366563145999495
3569, 0.05366563145999495
3888, 0.05366563145999495
4232, 0.05366563145999495
4262, 0.05366563145999495
4302, 0.05366563145999495
4303, 0.05366563145999495
4331, 0.05366563145999495
4687, 0.05366563145999495
4767, 0.05366563145999495
8769, 0.05366563145999495
8830, 0.05366563145999495
8937, 0.05366563145999495
8992, 0.05366563145999495
9091, 0.05366563145999495
9156, 0.05366563145999495
427, 0.05366563145999495
1098, 0.05366563145999495
3585, 0.05366563145999495
9083, 0.05366563145999495
637, 0.05366563145999495
1202, 0.05366563145999495
1203, 0.05366563145999495
1250, 0.05366563145999495
1298, 0.05366563145999495
1546, 0.05366563145999495
3245, 0.05366563145999495
3652, 0.05366563145999495
3889, 0.05366563145999495
4600, 0.05366563145999495
618, 0.049193495504995376
893, 0.049193495504995376
904, 0.049193495504995376
907, 0.049193495504995376
1066, 0.049193495504995376
1189, 0.049193495504995376
1229, 0.049193495504995376
1360, 0.049193495504995376
1418, 0.049193495504995376
1798, 0.049193495504995376
2196, 0.049193495504995376
2892, 0.049193495504995376
2893, 0.049193495504995376
3117, 0.049193495504995376
3126, 0.049193495504995376
3143, 0.049193495504995376
3291, 0.049193495504995376
3319, 0.049193495504995376
3361, 0.049193495504995376
3463, 0.049193495504995376
4110, 0.049193495504995376
4126, 0.049193495504995376
4241, 0.049193495504995376
4259, 0.049193495504995376
4529, 0.049193495504995376
4701, 0.049193495504995376
4768, 0.049193495504995376
8747, 0.049193495504995376
8760, 0.049193495504995376
8789, 0.049193495504995376
8859, 0.049193495504995376
8910, 0.049193495504995376
9038, 0.049193495504995376
9180, 0.049193495504995376
9259, 0.049193495504995376
1740, 0.049193495504995376
3078, 0.049193495504995376
3645, 0.049193495504995376
8971, 0.049193495504995376
9005, 0.049193495504995376
527, 0.049193495504995376
1249, 0.049193495504995376
1251, 0.049193495504995376
3142, 0.049193495504995376
3252, 0.049193495504995376
192, 0.044721359549995794
209, 0.044721359549995794
215, 0.044721359549995794
457, 0.044721359549995794
469, 0.044721359549995794
552, 0.044721359549995794
590, 0.044721359549995794
596, 0.044721359549995794
705, 0.044721359549995794
722, 0.044721359549995794
906, 0.044721359549995794
1218, 0.044721359549995794
1242, 0.044721359549995794
1265, 0.044721359549995794
1519, 0.044721359549995794
1523, 0.044721359549995794
1559, 0.044721359549995794
1684, 0.044721359549995794
1813, 0.044721359549995794
2877, 0.044721359549995794
2881, 0.044721359549995794
2888, 0.044721359549995794
2890, 0.044721359549995794
3148, 0.044721359549995794
3151, 0.044721359549995794
4455, 0.044721359549995794
4535, 0.044721359549995794
4592, 0.044721359549995794
4760, 0.044721359549995794
8758, 0.044721359549995794
8809, 0.044721359549995794
8936, 0.044721359549995794
9033, 0.044721359549995794
1126, 0.044721359549995794
1749, 0.044721359549995794
2096, 0.044721359549995794
5120, 0.044721359549995794
5150, 0.044721359549995794
9099, 0.044721359549995794
567, 0.044721359549995794
575, 0.044721359549995794
1561, 0.044721359549995794
1791, 0.044721359549995794
4950, 0.044721359549995794
196, 0.04024922359499621
604, 0.04024922359499621
644, 0.04024922359499621
648, 0.04024922359499621
919, 0.04024922359499621
1335, 0.04024922359499621
1340, 0.04024922359499621
1369, 0.04024922359499621
1448, 0.04024922359499621
1544, 0.04024922359499621
1789, 0.04024922359499621
1856, 0.04024922359499621
2263, 0.04024922359499621
2327, 0.04024922359499621
2872, 0.04024922359499621
3546, 0.04024922359499621
3814, 0.04024922359499621
4041, 0.04024922359499621
4626, 0.04024922359499621
4741, 0.04024922359499621
4759, 0.04024922359499621
4764, 0.04024922359499621
8746, 0.04024922359499621
8757, 0.04024922359499621
8874, 0.04024922359499621
8875, 0.04024922359499621
9127, 0.04024922359499621
2325, 0.04024922359499621
4495, 0.04024922359499621
9, 0.04024922359499621
569, 0.04024922359499621
629, 0.04024922359499621
1794, 0.04024922359499621
535, 0.03577708763999664
572, 0.03577708763999664
598, 0.03577708763999664
600, 0.03577708763999664
605, 0.03577708763999664
639, 0.03577708763999664
1625, 0.03577708763999664
1810, 0.03577708763999664
3661, 0.03577708763999664
4534, 0.03577708763999664
4724, 0.03577708763999664
8779, 0.03577708763999664
9188, 0.03577708763999664
3194, 0.03577708763999664
4490, 0.03577708763999664
4632, 0.03577708763999664
1364, 0.03130495168499706
4718, 0.03130495168499706
545, 0.03130495168499706
