3680, 0.28577380332470415
3679, 0.23678400846904057
3677, 0.20412414523193154
3681, 0.1837117307087384
4381, 0.17554676489946114
2221, 0.1714642819948225
2878, 0.1714642819948225
578, 0.16738179909018386
546, 0.16738179909018386
2849, 0.16738179909018386
3689, 0.16738179909018386
519, 0.16329931618554525
2265, 0.155134350376268
4167, 0.15513435037626797
4302, 0.15105186747162935
2837, 0.15105186747162933
9131, 0.15105186747162933
2098, 0.1469693845669907
2223, 0.1469693845669907
559, 0.1469693845669907
3693, 0.14288690166235207
4687, 0.14288690166235207
1824, 0.14288690166235207
4249, 0.14288690166235207
461, 0.13880441875771346
6054, 0.13880441875771343
547, 0.13880441875771343
1296, 0.13472193585307482
4173, 0.13472193585307482
4529, 0.13472193585307482
3511, 0.13472193585307482
3768, 0.13472193585307482
2271, 0.13063945294843618
9368, 0.13063945294843618
1277, 0.13063945294843618
3321, 0.13063945294843618
1821, 0.13063945294843618
1612, 0.12247448713915893
161, 0.12247448713915893
2852, 0.12247448713915891
3850, 0.12247448713915891
3686, 0.12247448713915891
1807, 0.12247448713915891
1822, 0.12247448713915891
4425, 0.11839200423452029
544, 0.11839200423452029
3515, 0.11839200423452029
3347, 0.11839200423452029
2845, 0.11839200423452029
4237, 0.11430952132988167
6068, 0.11430952132988167
1283, 0.11430952132988167
3778, 0.11430952132988167
4392, 0.11430952132988167
6110, 0.11430952132988167
4383, 0.11430952132988165
466, 0.11022703842524303
529, 0.11022703842524303
1335, 0.11022703842524303
25, 0.11022703842524303
170, 0.11022703842524302
888, 0.11022703842524302
4634, 0.11022703842524302
4024, 0.10614455552060441
4350, 0.10614455552060441
670, 0.10614455552060441
2835, 0.10614455552060441
3560, 0.1061445555206044
3527, 0.10206207261596578
3650, 0.10206207261596578
9328, 0.10206207261596578
3588, 0.10206207261596577
549, 0.10206207261596577
3336, 0.10206207261596577
9006, 0.10206207261596577
3510, 0.09797958971132714
9139, 0.09797958971132714
4386, 0.09797958971132714
1053, 0.09797958971132713
1622, 0.09797958971132713
3113, 0.09797958971132713
4014, 0.09797958971132713
4615, 0.09797958971132713
4688, 0.09797958971132713
998, 0.09797958971132713
1313, 0.09797958971132713
4331, 0.09797958971132713
1282, 0.09797958971132713
1342, 0.09797958971132713
4306, 0.09797958971132713
3068, 0.09797958971132713
3191, 0.09797958971132713
1262, 0.09389710680668852
4506, 0.09389710680668852
5580, 0.09389710680668852
1523, 0.09389710680668852
8943, 0.09389710680668852
191, 0.09389710680668852
195, 0.09389710680668852
668, 0.09389710680668852
1205, 0.09389710680668852
1237, 0.09389710680668852
8917, 0.09389710680668852
8914, 0.09389710680668852
4499, 0.08981462390204989
9369, 0.08981462390204989
550, 0.08981462390204988
678, 0.08981462390204988
976, 0.08981462390204988
1171, 0.08981462390204988
3142, 0.08981462390204988
4291, 0.08981462390204988
4605, 0.08981462390204988
4610, 0.08981462390204988
8902, 0.08981462390204988
8962, 0.08981462390204988
8964, 0.08981462390204988
9048, 0.08981462390204988
2960, 0.08981462390204988
202, 0.08981462390204988
458, 0.08981462390204988
542, 0.08981462390204988
548, 0.08981462390204988
1215, 0.08981462390204988
1255, 0.08981462390204988
1655, 0.08981462390204988
4351, 0.08981462390204988
8765, 0.08981462390204988
9365, 0.08981462390204988
1406, 0.08573214099741125
4282, 0.08573214099741125
588, 0.08573214099741124
1253, 0.08573214099741124
2871, 0.08573214099741124
3247, 0.08573214099741124
9297, 0.08573214099741124
1372, 0.08164965809277262
3145, 0.08164965809277262
3378, 0.08164965809277262
3549, 0.08164965809277262
4485, 0.08164965809277262
4580, 0.08164965809277262
9060, 0.08164965809277262
476, 0.08164965809277262
1439, 0.08164965809277262
1519, 0.08164965809277262
4625, 0.08164965809277262
526, 0.08164965809277262
669, 0.08164965809277262
1233, 0.08164965809277262
1252, 0.08164965809277262
1258, 0.08164965809277262
1299, 0.08164965809277262
3299, 0.08164965809277262
8762, 0.08164965809277262
8851, 0.08164965809277262
2350, 0.08164965809277262
3919, 0.08164965809277262
8770, 0.08164965809277262
8838, 0.08164965809277261
1354, 0.08164965809277261
9250, 0.07756717518813398
1066, 0.07756717518813398
4692, 0.07756717518813398
200, 0.07756717518813398
538, 0.07756717518813398
568, 0.07756717518813398
1200, 0.07756717518813398
1227, 0.07756717518813398
1297, 0.07756717518813398
2227, 0.07756717518813398
3292, 0.07756717518813398
3474, 0.07756717518813398
4266, 0.07756717518813398
4279, 0.07756717518813398
4693, 0.07756717518813398
8873, 0.07756717518813398
8900, 0.07756717518813398
4074, 0.07756717518813398
6072, 0.07756717518813398
8855, 0.07756717518813398
8989, 0.07756717518813398
486, 0.07348469228349536
1179, 0.07348469228349536
1375, 0.07348469228349536
1518, 0.07348469228349536
3082, 0.07348469228349536
3256, 0.07348469228349536
4061, 0.07348469228349536
4218, 0.07348469228349536
4222, 0.07348469228349536
4723, 0.07348469228349536
4741, 0.07348469228349536
5213, 0.07348469228349536
5994, 0.07348469228349536
6070, 0.07348469228349536
6215, 0.07348469228349536
8954, 0.07348469228349536
654, 0.07348469228349536
3375, 0.07348469228349536
4271, 0.07348469228349536
4280, 0.07348469228349536
4749, 0.07348469228349536
9166, 0.07348469228349536
205, 0.07348469228349536
217, 0.07348469228349536
218, 0.07348469228349536
537, 0.07348469228349536
561, 0.07348469228349536
1226, 0.07348469228349536
1263, 0.07348469228349536
1293, 0.07348469228349536
1336, 0.07348469228349536
1813, 0.07348469228349536
3252, 0.07348469228349536
4260, 0.07348469228349536
8771, 0.07348469228349536
8862, 0.07348469228349536
875, 0.07348469228349536
1070, 0.07348469228349536
1762, 0.07348469228349536
4397, 0.07348469228349536
1102, 0.06940220937885673
2989, 0.06940220937885673
3875, 0.06940220937885673
4996, 0.06940220937885673
6058, 0.06940220937885673
8773, 0.06940220937885673
1382, 0.06940220937885673
4531, 0.06940220937885673
534, 0.06940220937885673
1219, 0.06940220937885673
1229, 0.06940220937885673
1238, 0.06940220937885673
1273, 0.06940220937885673
1338, 0.06940220937885673
1514, 0.06940220937885673
3127, 0.06940220937885673
4384, 0.06940220937885673
4694, 0.06940220937885673
8846, 0.06940220937885673
8861, 0.06940220937885673
163, 0.06940220937885673
995, 0.06940220937885673
2324, 0.06940220937885673
4321, 0.06940220937885673
8728, 0.06940220937885673
8941, 0.06940220937885673
9168, 0.06940220937885673
4718, 0.0653197264742181
447, 0.06531972647421809
608, 0.06531972647421809
626, 0.06531972647421809
1649, 0.06531972647421809
1848, 0.06531972647421809
2690, 0.06531972647421809
3194, 0.06531972647421809
4394, 0.06531972647421809
4436, 0.06531972647421809
4595, 0.06531972647421809
6063, 0.06531972647421809
8903, 0.06531972647421809
9286, 0.06531972647421809
3199, 0.06531972647421809
3253, 0.06531972647421809
4395, 0.06531972647421809
9127, 0.06531972647421809
4, 0.06531972647421809
210, 0.06531972647421809
539, 0.06531972647421809
552, 0.06531972647421809
1250, 0.06531972647421809
1275, 0.06531972647421809
3125, 0.06531972647421809
3250, 0.06531972647421809
3361, 0.06531972647421809
4267, 0.06531972647421809
4399, 0.06531972647421809
4585, 0.06531972647421809
4586, 0.06531972647421809
8750, 0.06531972647421809
9081, 0.06531972647421809
435, 0.06531972647421809
880, 0.06531972647421809
1079, 0.06531972647421809
1449, 0.06531972647421809
1754, 0.06531972647421809
2225, 0.06531972647421809
3277, 0.06531972647421809
3537, 0.06531972647421809
3543, 0.06531972647421809
4108, 0.06531972647421809
4123, 0.06531972647421809
4421, 0.06531972647421809
4762, 0.06531972647421809
4951, 0.06531972647421809
6099, 0.06531972647421809
8807, 0.06531972647421809
8839, 0.06531972647421809
8889, 0.06531972647421809
1551, 0.06123724356957946
1616, 0.06123724356957946
4037, 0.06123724356957946
5979, 0.06123724356957946
9171, 0.06123724356957946
4303, 0.06123724356957946
523, 0.06123724356957946
551, 0.06123724356957946
1212, 0.06123724356957946
1298, 0.06123724356957946
4549, 0.06123724356957946
4696, 0.06123724356957946
8885, 0.06123724356957946
8899, 0.06123724356957946
8919, 0.06123724356957946
9132, 0.06123724356957946
9179, 0.06123724356957946
346, 0.06123724356957946
673, 0.06123724356957946
993, 0.06123724356957946
1145, 0.06123724356957946
1343, 0.06123724356957946
1727, 0.06123724356957946
1751, 0.06123724356957946
2896, 0.06123724356957946
2966, 0.06123724356957946
3197, 0.06123724356957946
3892, 0.06123724356957946
4233, 0.06123724356957946
4268, 0.06123724356957946
4339, 0.06123724356957946
4432, 0.06123724356957946
8929, 0.06123724356957946
8974, 0.06123724356957946
9017, 0.06123724356957946
9285, 0.06123724356957946
438, 0.05715476066494084
1670, 0.05715476066494084
2326, 0.05715476066494084
2353, 0.05715476066494084
2869, 0.05715476066494084
3495, 0.05715476066494084
3509, 0.05715476066494084
4105, 0.05715476066494084
6036, 0.05715476066494084
8958, 0.05715476066494084
8976, 0.05715476066494084
9120, 0.05715476066494084
9135, 0.05715476066494084
9173, 0.05715476066494084
9177, 0.05715476066494084
460, 0.05715476066494084
1359, 0.05715476066494084
2969, 0.05715476066494084
2993, 0.05715476066494084
3461, 0.05715476066494084
522, 0.05715476066494084
541, 0.05715476066494084
922, 0.05715476066494084
1264, 0.05715476066494084
1266, 0.05715476066494084
1684, 0.05715476066494084
3324, 0.05715476066494084
3884, 0.05715476066494084
4388, 0.05715476066494084
8886, 0.05715476066494084
9053, 0.05715476066494084
169, 0.05715476066494084
439, 0.05715476066494084
467, 0.05715476066494084
868, 0.05715476066494084
897, 0.05715476066494084
1088, 0.05715476066494084
1185, 0.05715476066494084
1581, 0.05715476066494084
1765, 0.05715476066494084
1815, 0.05715476066494084
1847, 0.05715476066494084
2116, 0.05715476066494084
2252, 0.05715476066494084
2266, 0.05715476066494084
2361, 0.05715476066494084
2881, 0.05715476066494084
2907, 0.05715476066494084
3259, 0.05715476066494084
3902, 0.05715476066494084
3926, 0.05715476066494084
4053, 0.05715476066494084
4171, 0.05715476066494084
4177, 0.05715476066494084
4519, 0.05715476066494084
4614, 0.05715476066494084
4626, 0.05715476066494084
4676, 0.05715476066494084
6056, 0.05715476066494084
8735, 0.05715476066494084
8823, 0.05715476066494084
8841, 0.05715476066494084
8957, 0.05715476066494084
8999, 0.05715476066494084
9002, 0.05715476066494084
9023, 0.05715476066494084
9043, 0.05715476066494084
9077, 0.05715476066494084
9137, 0.05715476066494084
9357, 0.05715476066494084
516, 0.053072277760302204
606, 0.053072277760302204
642, 0.053072277760302204
676, 0.053072277760302204
1231, 0.053072277760302204
1302, 0.053072277760302204
1839, 0.053072277760302204
3898, 0.053072277760302204
3908, 0.053072277760302204
3931, 0.053072277760302204
4295, 0.053072277760302204
4301, 0.053072277760302204
4619, 0.053072277760302204
4760, 0.053072277760302204
4976, 0.053072277760302204
5109, 0.053072277760302204
5122, 0.053072277760302204
5594, 0.053072277760302204
5788, 0.053072277760302204
6141, 0.053072277760302204
8744, 0.053072277760302204
9258, 0.053072277760302204
9302, 0.053072277760302204
468, 0.053072277760302204
1353, 0.053072277760302204
1427, 0.053072277760302204
1834, 0.053072277760302204
4335, 0.053072277760302204
4500, 0.053072277760302204
165, 0.053072277760302204
2216, 0.053072277760302204
8798, 0.053072277760302204
8887, 0.053072277760302204
8925, 0.053072277760302204
9102, 0.053072277760302204
9151, 0.053072277760302204
472, 0.053072277760302204
478, 0.053072277760302204
543, 0.053072277760302204
565, 0.053072277760302204
567, 0.053072277760302204
594, 0.053072277760302204
700, 0.053072277760302204
945, 0.053072277760302204
1004, 0.053072277760302204
1234, 0.053072277760302204
1320, 0.053072277760302204
1365, 0.053072277760302204
1376, 0.053072277760302204
1507, 0.053072277760302204
1580, 0.053072277760302204
1633, 0.053072277760302204
1688, 0.053072277760302204
1806, 0.053072277760302204
2101, 0.053072277760302204
2875, 0.053072277760302204
2959, 0.053072277760302204
3369, 0.053072277760302204
3379, 0.053072277760302204
3499, 0.053072277760302204
3503, 0.053072277760302204
3542, 0.053072277760302204
3918, 0.053072277760302204
4318, 0.053072277760302204
4369, 0.053072277760302204
4502, 0.053072277760302204
4523, 0.053072277760302204
4542, 0.053072277760302204
4555, 0.053072277760302204
4669, 0.053072277760302204
4679, 0.053072277760302204
4748, 0.053072277760302204
4900, 0.053072277760302204
4909, 0.053072277760302204
5017, 0.053072277760302204
5677, 0.053072277760302204
5957, 0.053072277760302204
6005, 0.053072277760302204
6020, 0.053072277760302204
6065, 0.053072277760302204
8749, 0.053072277760302204
8878, 0.053072277760302204
8895, 0.053072277760302204
8995, 0.053072277760302204
9016, 0.053072277760302204
9085, 0.053072277760302204
9095, 0.053072277760302204
9260, 0.053072277760302204
9292, 0.053072277760302204
9342, 0.053072277760302204
198, 0.048989794855663564
1741, 0.048989794855663564
1794, 0.048989794855663564
2970, 0.048989794855663564
2977, 0.048989794855663564
3135, 0.048989794855663564
3566, 0.048989794855663564
3617, 0.048989794855663564
3816, 0.048989794855663564
3858, 0.048989794855663564
4550, 0.048989794855663564
4601, 0.048989794855663564
4742, 0.048989794855663564
5002, 0.048989794855663564
5014, 0.048989794855663564
5138, 0.048989794855663564
6181, 0.048989794855663564
8776, 0.048989794855663564
8779, 0.048989794855663564
8821, 0.048989794855663564
8884, 0.048989794855663564
9059, 0.048989794855663564
9064, 0.048989794855663564
9290, 0.048989794855663564
463, 0.048989794855663564
477, 0.048989794855663564
1193, 0.048989794855663564
1341, 0.048989794855663564
1424, 0.048989794855663564
1588, 0.048989794855663564
1623, 0.048989794855663564
2371, 0.048989794855663564
2941, 0.048989794855663564
3066, 0.048989794855663564
3099, 0.048989794855663564
9352, 0.048989794855663564
9363, 0.048989794855663564
459, 0.048989794855663564
1208, 0.048989794855663564
1232, 0.048989794855663564
1242, 0.048989794855663564
1269, 0.048989794855663564
1287, 0.048989794855663564
1379, 0.048989794855663564
3124, 0.048989794855663564
3245, 0.048989794855663564
3315, 0.048989794855663564
3860, 0.048989794855663564
4767, 0.048989794855663564
8736, 0.048989794855663564
8826, 0.048989794855663564
8, 0.048989794855663564
479, 0.048989794855663564
493, 0.048989794855663564
505, 0.048989794855663564
601, 0.048989794855663564
656, 0.048989794855663564
703, 0.048989794855663564
907, 0.048989794855663564
1072, 0.048989794855663564
1144, 0.048989794855663564
1161, 0.048989794855663564
1177, 0.048989794855663564
1334, 0.048989794855663564
1468, 0.048989794855663564
1527, 0.048989794855663564
1553, 0.048989794855663564
1571, 0.048989794855663564
1634, 0.048989794855663564
1658, 0.048989794855663564
1669, 0.048989794855663564
1766, 0.048989794855663564
1803, 0.048989794855663564
2263, 0.048989794855663564
2273, 0.048989794855663564
2334, 0.048989794855663564
2961, 0.048989794855663564
3080, 0.048989794855663564
3118, 0.048989794855663564
3136, 0.048989794855663564
3152, 0.048989794855663564
3322, 0.048989794855663564
3351, 0.048989794855663564
3433, 0.048989794855663564
3598, 0.048989794855663564
3649, 0.048989794855663564
4021, 0.048989794855663564
4049, 0.048989794855663564
4103, 0.048989794855663564
4111, 0.048989794855663564
4185, 0.048989794855663564
4194, 0.048989794855663564
4198, 0.048989794855663564
4336, 0.048989794855663564
4426, 0.048989794855663564
4457, 0.048989794855663564
4483, 0.048989794855663564
4699, 0.048989794855663564
4942, 0.048989794855663564
5027, 0.048989794855663564
5749, 0.048989794855663564
5773, 0.048989794855663564
5958, 0.048989794855663564
6079, 0.048989794855663564
9045, 0.048989794855663564
9057, 0.048989794855663564
9080, 0.048989794855663564
9087, 0.048989794855663564
9136, 0.048989794855663564
9161, 0.048989794855663564
9293, 0.048989794855663564
510, 0.04490731195102494
582, 0.04490731195102494
615, 0.04490731195102494
724, 0.04490731195102494
972, 0.04490731195102494
994, 0.04490731195102494
1001, 0.04490731195102494
1216, 0.04490731195102494
1247, 0.04490731195102494
1278, 0.04490731195102494
1440, 0.04490731195102494
1450, 0.04490731195102494
1492, 0.04490731195102494
1593, 0.04490731195102494
1796, 0.04490731195102494
2978, 0.04490731195102494
2980, 0.04490731195102494
3140, 0.04490731195102494
3817, 0.04490731195102494
3832, 0.04490731195102494
3920, 0.04490731195102494
4126, 0.04490731195102494
4178, 0.04490731195102494
4259, 0.04490731195102494
4294, 0.04490731195102494
4484, 0.04490731195102494
4618, 0.04490731195102494
4714, 0.04490731195102494
5121, 0.04490731195102494
5797, 0.04490731195102494
6160, 0.04490731195102494
8921, 0.04490731195102494
9036, 0.04490731195102494
9259, 0.04490731195102494
490, 0.04490731195102494
1718, 0.04490731195102494
4340, 0.04490731195102494
4387, 0.04490731195102494
4407, 0.04490731195102494
5955, 0.04490731195102494
6032, 0.04490731195102494
9326, 0.04490731195102494
190, 0.04490731195102494
690, 0.04490731195102494
1259, 0.04490731195102494
2876, 0.04490731195102494
3111, 0.04490731195102494
3126, 0.04490731195102494
4270, 0.04490731195102494
4584, 0.04490731195102494
4684, 0.04490731195102494
8832, 0.04490731195102494
8930, 0.04490731195102494
342, 0.04490731195102494
500, 0.04490731195102494
524, 0.04490731195102494
557, 0.04490731195102494
607, 0.04490731195102494
876, 0.04490731195102494
879, 0.04490731195102494
955, 0.04490731195102494
990, 0.04490731195102494
996, 0.04490731195102494
1003, 0.04490731195102494
1012, 0.04490731195102494
1014, 0.04490731195102494
1057, 0.04490731195102494
1197, 0.04490731195102494
1204, 0.04490731195102494
1290, 0.04490731195102494
1534, 0.04490731195102494
1687, 0.04490731195102494
1808, 0.04490731195102494
1836, 0.04490731195102494
1850, 0.04490731195102494
1859, 0.04490731195102494
2281, 0.04490731195102494
2287, 0.04490731195102494
3006, 0.04490731195102494
3282, 0.04490731195102494
3470, 0.04490731195102494
3494, 0.04490731195102494
3613, 0.04490731195102494
3645, 0.04490731195102494
3815, 0.04490731195102494
3819, 0.04490731195102494
3865, 0.04490731195102494
3887, 0.04490731195102494
4045, 0.04490731195102494
4064, 0.04490731195102494
4200, 0.04490731195102494
4263, 0.04490731195102494
4330, 0.04490731195102494
4378, 0.04490731195102494
4415, 0.04490731195102494
4417, 0.04490731195102494
4418, 0.04490731195102494
4431, 0.04490731195102494
4467, 0.04490731195102494
4471, 0.04490731195102494
4481, 0.04490731195102494
4487, 0.04490731195102494
4510, 0.04490731195102494
4544, 0.04490731195102494
4587, 0.04490731195102494
4695, 0.04490731195102494
4705, 0.04490731195102494
5123, 0.04490731195102494
5697, 0.04490731195102494
5820, 0.04490731195102494
6040, 0.04490731195102494
6049, 0.04490731195102494
8747, 0.04490731195102494
8816, 0.04490731195102494
8820, 0.04490731195102494
8888, 0.04490731195102494
8901, 0.04490731195102494
8918, 0.04490731195102494
9000, 0.04490731195102494
9027, 0.04490731195102494
9037, 0.04490731195102494
9049, 0.04490731195102494
9092, 0.04490731195102494
9186, 0.04490731195102494
9256, 0.04490731195102494
517, 0.04082482904638631
590, 0.04082482904638631
634, 0.04082482904638631
717, 0.04082482904638631
1344, 0.04082482904638631
1494, 0.04082482904638631
1497, 0.04082482904638631
1559, 0.04082482904638631
1791, 0.04082482904638631
2214, 0.04082482904638631
2998, 0.04082482904638631
3487, 0.04082482904638631
3844, 0.04082482904638631
3869, 0.04082482904638631
3927, 0.04082482904638631
4209, 0.04082482904638631
4348, 0.04082482904638631
4465, 0.04082482904638631
4535, 0.04082482904638631
4540, 0.04082482904638631
4592, 0.04082482904638631
4755, 0.04082482904638631
5131, 0.04082482904638631
6033, 0.04082482904638631
6214, 0.04082482904638631
8792, 0.04082482904638631
8842, 0.04082482904638631
8882, 0.04082482904638631
8897, 0.04082482904638631
8926, 0.04082482904638631
8932, 0.04082482904638631
9033, 0.04082482904638631
9130, 0.04082482904638631
9184, 0.04082482904638631
555, 0.04082482904638631
885, 0.04082482904638631
1028, 0.04082482904638631
1097, 0.04082482904638631
1309, 0.04082482904638631
1357, 0.04082482904638631
1380, 0.04082482904638631
1537, 0.04082482904638631
1589, 0.04082482904638631
3859, 0.04082482904638631
4390, 0.04082482904638631
6014, 0.04082482904638631
8936, 0.04082482904638631
9199, 0.04082482904638631
194, 0.04082482904638631
211, 0.04082482904638631
562, 0.04082482904638631
1230, 0.04082482904638631
1279, 0.04082482904638631
1295, 0.04082482904638631
1398, 0.04082482904638631
1503, 0.04082482904638631
2877, 0.04082482904638631
3818, 0.04082482904638631
8752, 0.04082482904638631
8766, 0.04082482904638631
8909, 0.04082482904638631
9162, 0.04082482904638631
209, 0.04082482904638631
471, 0.04082482904638631
511, 0.04082482904638631
625, 0.04082482904638631
871, 0.04082482904638631
884, 0.04082482904638631
894, 0.04082482904638631
960, 0.04082482904638631
1008, 0.04082482904638631
1191, 0.04082482904638631
1213, 0.04082482904638631
1225, 0.04082482904638631
1257, 0.04082482904638631
1284, 0.04082482904638631
1289, 0.04082482904638631
1394, 0.04082482904638631
1429, 0.04082482904638631
1491, 0.04082482904638631
1508, 0.04082482904638631
1516, 0.04082482904638631
1529, 0.04082482904638631
1530, 0.04082482904638631
1566, 0.04082482904638631
1610, 0.04082482904638631
1793, 0.04082482904638631
1805, 0.04082482904638631
1812, 0.04082482904638631
1861, 0.04082482904638631
2880, 0.04082482904638631
2995, 0.04082482904638631
3101, 0.04082482904638631
3112, 0.04082482904638631
3147, 0.04082482904638631
3301, 0.04082482904638631
3376, 0.04082482904638631
3377, 0.04082482904638631
3457, 0.04082482904638631
3489, 0.04082482904638631
3498, 0.04082482904638631
3539, 0.04082482904638631
3576, 0.04082482904638631
3592, 0.04082482904638631
3651, 0.04082482904638631
3656, 0.04082482904638631
3840, 0.04082482904638631
3855, 0.04082482904638631
3896, 0.04082482904638631
3915, 0.04082482904638631
3932, 0.04082482904638631
4035, 0.04082482904638631
4221, 0.04082482904638631
4225, 0.04082482904638631
4272, 0.04082482904638631
4281, 0.04082482904638631
4287, 0.04082482904638631
4423, 0.04082482904638631
4454, 0.04082482904638631
4475, 0.04082482904638631
4476, 0.04082482904638631
4479, 0.04082482904638631
4512, 0.04082482904638631
4530, 0.04082482904638631
4581, 0.04082482904638631
4591, 0.04082482904638631
4623, 0.04082482904638631
4711, 0.04082482904638631
4737, 0.04082482904638631
4898, 0.04082482904638631
4910, 0.04082482904638631
4944, 0.04082482904638631
5032, 0.04082482904638631
5128, 0.04082482904638631
5214, 0.04082482904638631
5331, 0.04082482904638631
5960, 0.04082482904638631
6025, 0.04082482904638631
8799, 0.04082482904638631
8867, 0.04082482904638631
8896, 0.04082482904638631
8935, 0.04082482904638631
9034, 0.04082482904638631
9113, 0.04082482904638631
9126, 0.04082482904638631
9183, 0.04082482904638631
3, 0.03674234614174768
21, 0.03674234614174768
193, 0.03674234614174768
636, 0.03674234614174768
638, 0.03674234614174768
898, 0.03674234614174768
908, 0.03674234614174768
959, 0.03674234614174768
2200, 0.03674234614174768
2354, 0.03674234614174768
3826, 0.03674234614174768
3847, 0.03674234614174768
3893, 0.03674234614174768
4582, 0.03674234614174768
4640, 0.03674234614174768
4764, 0.03674234614174768
8746, 0.03674234614174768
8814, 0.03674234614174768
8845, 0.03674234614174768
9068, 0.03674234614174768
9086, 0.03674234614174768
9091, 0.03674234614174768
9108, 0.03674234614174768
2899, 0.03674234614174768
4276, 0.03674234614174768
4565, 0.03674234614174768
4573, 0.03674234614174768
9141, 0.03674234614174768
604, 0.03674234614174768
919, 0.03674234614174768
1209, 0.03674234614174768
1251, 0.03674234614174768
1280, 0.03674234614174768
2358, 0.03674234614174768
2885, 0.03674234614174768
4759, 0.03674234614174768
8883, 0.03674234614174768
8920, 0.03674234614174768
8944, 0.03674234614174768
9, 0.03674234614174768
196, 0.03674234614174768
344, 0.03674234614174768
521, 0.03674234614174768
571, 0.03674234614174768
913, 0.03674234614174768
974, 0.03674234614174768
1036, 0.03674234614174768
1052, 0.03674234614174768
1163, 0.03674234614174768
1198, 0.03674234614174768
1256, 0.03674234614174768
1340, 0.03674234614174768
1407, 0.03674234614174768
1431, 0.03674234614174768
1470, 0.03674234614174768
1478, 0.03674234614174768
1485, 0.03674234614174768
1528, 0.03674234614174768
1531, 0.03674234614174768
1662, 0.03674234614174768
1685, 0.03674234614174768
1795, 0.03674234614174768
1809, 0.03674234614174768
1842, 0.03674234614174768
2882, 0.03674234614174768
3851, 0.03674234614174768
3871, 0.03674234614174768
4018, 0.03674234614174768
4041, 0.03674234614174768
4062, 0.03674234614174768
4104, 0.03674234614174768
4151, 0.03674234614174768
4184, 0.03674234614174768
4342, 0.03674234614174768
4382, 0.03674234614174768
4396, 0.03674234614174768
4469, 0.03674234614174768
4474, 0.03674234614174768
4498, 0.03674234614174768
4504, 0.03674234614174768
4548, 0.03674234614174768
4608, 0.03674234614174768
4685, 0.03674234614174768
4712, 0.03674234614174768
4717, 0.03674234614174768
4726, 0.03674234614174768
4746, 0.03674234614174768
4757, 0.03674234614174768
5020, 0.03674234614174768
6039, 0.03674234614174768
8761, 0.03674234614174768
8802, 0.03674234614174768
8825, 0.03674234614174768
8937, 0.03674234614174768
8956, 0.03674234614174768
8963, 0.03674234614174768
9024, 0.03674234614174768
9030, 0.03674234614174768
9052, 0.03674234614174768
9058, 0.03674234614174768
9089, 0.03674234614174768
9155, 0.03674234614174768
652, 0.032659863237109045
1181, 0.032659863237109045
1190, 0.032659863237109045
4490, 0.032659863237109045
4560, 0.032659863237109045
4632, 0.032659863237109045
5091, 0.032659863237109045
5096, 0.032659863237109045
8801, 0.032659863237109045
8891, 0.032659863237109045
9107, 0.032659863237109045
8992, 0.032659863237109045
535, 0.032659863237109045
589, 0.032659863237109045
616, 0.032659863237109045
621, 0.032659863237109045
639, 0.032659863237109045
651, 0.032659863237109045
680, 0.032659863237109045
946, 0.032659863237109045
1006, 0.032659863237109045
1033, 0.032659863237109045
1042, 0.032659863237109045
1194, 0.032659863237109045
1412, 0.032659863237109045
1475, 0.032659863237109045
1625, 0.032659863237109045
1810, 0.032659863237109045
2323, 0.032659863237109045
3065, 0.032659863237109045
3357, 0.032659863237109045
3821, 0.032659863237109045
3835, 0.032659863237109045
3867, 0.032659863237109045
4300, 0.032659863237109045
4314, 0.032659863237109045
4428, 0.032659863237109045
4620, 0.032659863237109045
4624, 0.032659863237109045
4633, 0.032659863237109045
4709, 0.032659863237109045
8805, 0.032659863237109045
8946, 0.032659863237109045
9014, 0.032659863237109045
9159, 0.032659863237109045
9176, 0.032659863237109045
1067, 0.02857738033247042
1364, 0.02857738033247042
8969, 0.02857738033247042
1064, 0.02857738033247042
1480, 0.02857738033247042
1488, 0.02857738033247042
1719, 0.02857738033247042
1838, 0.02857738033247042
4621, 0.02857738033247042
4622, 0.02857738033247042
5317, 0.024494897427831782
