1232, 0.2816913204200655
3248, 0.26944387170614964
1241, 0.22861904265976335
1269, 0.22045407685048607
8886, 0.19187669651801564
211, 0.187794213613377
3245, 0.187794213613377
2873, 0.1837117307087384
3671, 0.1837117307087384
1280, 0.17554676489946114
3246, 0.17554676489946114
3252, 0.17554676489946114
1274, 0.1755467648994611
8732, 0.1714642819948225
1226, 0.17146428199482247
206, 0.16738179909018386
3767, 0.16738179909018386
4198, 0.16738179909018386
9050, 0.16738179909018386
2839, 0.16738179909018386
3244, 0.16329931618554525
9007, 0.16329931618554525
1200, 0.1592168332809066
1245, 0.1592168332809066
24, 0.15921683328090658
3146, 0.15921683328090658
3130, 0.15921683328090658
9121, 0.155134350376268
1272, 0.15513435037626797
8898, 0.15513435037626797
4610, 0.15105186747162935
8957, 0.15105186747162935
1469, 0.15105186747162933
2876, 0.1469693845669907
2895, 0.1469693845669907
8750, 0.1469693845669907
9096, 0.1469693845669907
3572, 0.1469693845669907
1235, 0.14288690166235207
1251, 0.14288690166235207
1279, 0.14288690166235207
8859, 0.14288690166235207
1621, 0.14288690166235207
5301, 0.14288690166235207
1824, 0.14288690166235207
3591, 0.14288690166235207
3680, 0.14288690166235207
1291, 0.13880441875771346
4416, 0.13880441875771343
1228, 0.13472193585307482
1257, 0.13472193585307482
3138, 0.13472193585307482
3251, 0.13472193585307482
4767, 0.13472193585307482
2893, 0.13472193585307482
4956, 0.13472193585307482
3768, 0.13472193585307482
1298, 0.1347219358530748
1209, 0.1306394529484362
4534, 0.1306394529484362
1223, 0.1306394529484362
1127, 0.13063945294843618
4528, 0.13063945294843618
4574, 0.13063945294843618
905, 0.12247448713915893
1542, 0.12247448713915893
2096, 0.12247448713915893
2881, 0.12247448713915893
2891, 0.12247448713915893
3250, 0.12247448713915893
3860, 0.12247448713915893
4335, 0.12247448713915893
4589, 0.12247448713915893
4595, 0.12247448713915893
4688, 0.12247448713915893
8802, 0.12247448713915893
9038, 0.12247448713915893
9205, 0.12247448713915893
1751, 0.12247448713915891
9093, 0.12247448713915891
1262, 0.11839200423452029
2890, 0.11839200423452029
4593, 0.11839200423452029
4563, 0.11839200423452029
970, 0.11839200423452029
3496, 0.11839200423452029
4544, 0.11430952132988167
5327, 0.11430952132988167
9120, 0.11430952132988167
9148, 0.11430952132988167
9330, 0.11430952132988167
894, 0.11430952132988167
1793, 0.11430952132988167
2197, 0.11430952132988167
3705, 0.11430952132988167
2858, 0.11430952132988167
194, 0.11430952132988166
1213, 0.11430952132988166
2872, 0.11430952132988166
1338, 0.11430952132988166
8769, 0.11430952132988165
4518, 0.11430952132988165
3652, 0.11430952132988165
1229, 0.11022703842524303
1295, 0.11022703842524303
8917, 0.11022703842524303
9186, 0.11022703842524303
1019, 0.11022703842524303
1263, 0.11022703842524303
1266, 0.11022703842524303
2364, 0.11022703842524303
4637, 0.11022703842524303
8884, 0.11022703842524302
8827, 0.10614455552060441
8831, 0.10614455552060441
3595, 0.10614455552060441
2857, 0.10614455552060441
4113, 0.10614455552060441
2880, 0.1061445555206044
4391, 0.1061445555206044
9039, 0.1061445555206044
9137, 0.1061445555206044
1795, 0.1061445555206044
4535, 0.1061445555206044
9113, 0.1061445555206044
218, 0.1061445555206044
8760, 0.10206207261596578
4510, 0.10206207261596578
4584, 0.10206207261596578
1802, 0.10206207261596578
4351, 0.10206207261596578
575, 0.10206207261596577
1256, 0.10206207261596577
4764, 0.10206207261596577
8752, 0.10206207261596577
9159, 0.10206207261596577
9184, 0.10206207261596577
549, 0.10206207261596577
552, 0.10206207261596577
4523, 0.10206207261596577
3093, 0.10206207261596577
3616, 0.10206207261596577
4696, 0.10206207261596577
1527, 0.09797958971132714
4684, 0.09797958971132714
1202, 0.09797958971132713
1246, 0.09797958971132713
2290, 0.09797958971132713
3247, 0.09797958971132713
9056, 0.09797958971132713
1792, 0.09797958971132713
4054, 0.09797958971132713
5140, 0.09797958971132713
540, 0.09797958971132713
1250, 0.09797958971132713
1297, 0.09797958971132713
1434, 0.09389710680668852
2884, 0.09389710680668852
3880, 0.09389710680668852
8931, 0.09389710680668852
8961, 0.09389710680668852
3256, 0.09389710680668852
2875, 0.09389710680668852
3094, 0.09389710680668852
3290, 0.09389710680668852
3484, 0.09389710680668852
5780, 0.09389710680668852
1020, 0.08981462390204989
558, 0.08981462390204988
1211, 0.08981462390204988
5992, 0.08981462390204988
957, 0.08981462390204988
1057, 0.08981462390204988
4541, 0.08981462390204988
4542, 0.08981462390204988
877, 0.08981462390204988
956, 0.08981462390204988
986, 0.08981462390204988
3142, 0.08981462390204988
5295, 0.08981462390204988
5796, 0.08981462390204988
6032, 0.08981462390204988
8822, 0.08981462390204988
9006, 0.08981462390204988
4672, 0.08981462390204988
1565, 0.08573214099741125
8825, 0.08573214099741125
8920, 0.08573214099741125
608, 0.08573214099741125
4600, 0.08573214099741125
9163, 0.08573214099741124
5727, 0.08573214099741124
8879, 0.08573214099741124
3457, 0.08164965809277262
3817, 0.08164965809277262
4549, 0.08164965809277262
4995, 0.08164965809277262
5586, 0.08164965809277262
8792, 0.08164965809277262
1840, 0.08164965809277262
4526, 0.08164965809277262
4590, 0.08164965809277262
184, 0.08164965809277262
529, 0.08164965809277262
882, 0.08164965809277262
884, 0.08164965809277262
1517, 0.08164965809277262
2103, 0.08164965809277262
3852, 0.08164965809277262
8770, 0.08164965809277262
8799, 0.08164965809277262
9090, 0.08164965809277262
191, 0.08164965809277262
176, 0.08164965809277262
198, 0.08164965809277262
1222, 0.08164965809277262
8899, 0.08164965809277262
4490, 0.08164965809277261
6015, 0.08164965809277261
9178, 0.07756717518813398
1476, 0.07756717518813398
1526, 0.07756717518813398
9015, 0.07756717518813398
35, 0.07756717518813398
3617, 0.07756717518813398
568, 0.07756717518813398
1684, 0.07756717518813398
2892, 0.07756717518813398
3893, 0.07348469228349536
4611, 0.07348469228349536
8845, 0.07348469228349536
8897, 0.07348469228349536
8937, 0.07348469228349536
4515, 0.07348469228349536
4525, 0.07348469228349536
4527, 0.07348469228349536
4529, 0.07348469228349536
4530, 0.07348469228349536
9, 0.07348469228349536
569, 0.07348469228349536
873, 0.07348469228349536
1835, 0.07348469228349536
3075, 0.07348469228349536
4050, 0.07348469228349536
4462, 0.07348469228349536
4473, 0.07348469228349536
4551, 0.07348469228349536
6010, 0.07348469228349536
6078, 0.07348469228349536
9043, 0.07348469228349536
9077, 0.07348469228349536
9282, 0.07348469228349536
706, 0.07348469228349536
3915, 0.07348469228349536
530, 0.07348469228349536
1208, 0.07348469228349536
2231, 0.07348469228349536
4099, 0.07348469228349536
171, 0.07348469228349536
2874, 0.07348469228349536
8737, 0.07348469228349536
8862, 0.07348469228349536
2334, 0.06940220937885673
9101, 0.06940220937885673
9180, 0.06940220937885673
596, 0.06940220937885673
4537, 0.06940220937885673
4561, 0.06940220937885673
4602, 0.06940220937885673
462, 0.06940220937885673
684, 0.06940220937885673
1763, 0.06940220937885673
3332, 0.06940220937885673
3379, 0.06940220937885673
3555, 0.06940220937885673
3887, 0.06940220937885673
4052, 0.06940220937885673
4235, 0.06940220937885673
8878, 0.06940220937885673
9044, 0.06940220937885673
9105, 0.06940220937885673
9168, 0.06940220937885673
9283, 0.06940220937885673
2253, 0.06940220937885673
4505, 0.06940220937885673
6038, 0.06940220937885673
581, 0.06940220937885673
1007, 0.06940220937885673
1552, 0.06940220937885673
192, 0.06940220937885673
1005, 0.06940220937885673
1293, 0.06940220937885673
8731, 0.06940220937885673
8826, 0.06940220937885673
8900, 0.06940220937885673
1556, 0.06531972647421809
1606, 0.06531972647421809
1715, 0.06531972647421809
3135, 0.06531972647421809
4300, 0.06531972647421809
4614, 0.06531972647421809
4744, 0.06531972647421809
5319, 0.06531972647421809
3832, 0.06531972647421809
4559, 0.06531972647421809
5, 0.06531972647421809
1178, 0.06531972647421809
1197, 0.06531972647421809
1482, 0.06531972647421809
1628, 0.06531972647421809
1653, 0.06531972647421809
1716, 0.06531972647421809
1787, 0.06531972647421809
3562, 0.06531972647421809
4302, 0.06531972647421809
4394, 0.06531972647421809
4546, 0.06531972647421809
4552, 0.06531972647421809
4701, 0.06531972647421809
5644, 0.06531972647421809
5772, 0.06531972647421809
5955, 0.06531972647421809
5957, 0.06531972647421809
6035, 0.06531972647421809
6053, 0.06531972647421809
8743, 0.06531972647421809
9290, 0.06531972647421809
1125, 0.06531972647421809
539, 0.06531972647421809
585, 0.06531972647421809
1611, 0.06531972647421809
2883, 0.06531972647421809
4618, 0.06531972647421809
197, 0.06531972647421809
1095, 0.06531972647421809
1205, 0.06531972647421809
1243, 0.06531972647421809
2351, 0.06531972647421809
8818, 0.06531972647421809
1216, 0.06123724356957946
1225, 0.06123724356957946
1689, 0.06123724356957946
2335, 0.06123724356957946
3648, 0.06123724356957946
4238, 0.06123724356957946
6168, 0.06123724356957946
8904, 0.06123724356957946
1133, 0.06123724356957946
4456, 0.06123724356957946
4575, 0.06123724356957946
437, 0.06123724356957946
1000, 0.06123724356957946
1034, 0.06123724356957946
1310, 0.06123724356957946
1360, 0.06123724356957946
3063, 0.06123724356957946
4200, 0.06123724356957946
4329, 0.06123724356957946
4371, 0.06123724356957946
4406, 0.06123724356957946
4508, 0.06123724356957946
4524, 0.06123724356957946
4576, 0.06123724356957946
4964, 0.06123724356957946
5965, 0.06123724356957946
6004, 0.06123724356957946
6054, 0.06123724356957946
6071, 0.06123724356957946
9065, 0.06123724356957946
9069, 0.06123724356957946
1071, 0.06123724356957946
2369, 0.06123724356957946
3081, 0.06123724356957946
3082, 0.06123724356957946
8974, 0.06123724356957946
1553, 0.06123724356957946
1790, 0.06123724356957946
1808, 0.06123724356957946
1843, 0.06123724356957946
4275, 0.06123724356957946
166, 0.06123724356957946
170, 0.06123724356957946
179, 0.06123724356957946
586, 0.06123724356957946
1289, 0.06123724356957946
2878, 0.06123724356957946
3132, 0.06123724356957946
8777, 0.06123724356957946
8832, 0.06123724356957946
8919, 0.06123724356957946
164, 0.05715476066494084
897, 0.05715476066494084
1088, 0.05715476066494084
1860, 0.05715476066494084
2284, 0.05715476066494084
2997, 0.05715476066494084
9023, 0.05715476066494084
958, 0.05715476066494084
4522, 0.05715476066494084
875, 0.05715476066494084
953, 0.05715476066494084
984, 0.05715476066494084
1198, 0.05715476066494084
1730, 0.05715476066494084
1773, 0.05715476066494084
2870, 0.05715476066494084
2968, 0.05715476066494084
3010, 0.05715476066494084
3198, 0.05715476066494084
3304, 0.05715476066494084
3497, 0.05715476066494084
3527, 0.05715476066494084
3872, 0.05715476066494084
4015, 0.05715476066494084
4070, 0.05715476066494084
4115, 0.05715476066494084
4189, 0.05715476066494084
4297, 0.05715476066494084
4487, 0.05715476066494084
4604, 0.05715476066494084
5221, 0.05715476066494084
5767, 0.05715476066494084
5799, 0.05715476066494084
5964, 0.05715476066494084
6036, 0.05715476066494084
8748, 0.05715476066494084
8796, 0.05715476066494084
8892, 0.05715476066494084
8911, 0.05715476066494084
1717, 0.05715476066494084
1765, 0.05715476066494084
3088, 0.05715476066494084
3147, 0.05715476066494084
193, 0.05715476066494084
439, 0.05715476066494084
548, 0.05715476066494084
3294, 0.05715476066494084
3609, 0.05715476066494084
173, 0.05715476066494084
546, 0.05715476066494084
1287, 0.05715476066494084
1294, 0.05715476066494084
8762, 0.05715476066494084
9081, 0.05715476066494084
472, 0.053072277760302204
1555, 0.053072277760302204
5800, 0.053072277760302204
6021, 0.053072277760302204
6055, 0.053072277760302204
8798, 0.053072277760302204
8811, 0.053072277760302204
9138, 0.053072277760302204
2216, 0.053072277760302204
2224, 0.053072277760302204
4513, 0.053072277760302204
4558, 0.053072277760302204
4564, 0.053072277760302204
4619, 0.053072277760302204
182, 0.053072277760302204
339, 0.053072277760302204
340, 0.053072277760302204
345, 0.053072277760302204
429, 0.053072277760302204
466, 0.053072277760302204
503, 0.053072277760302204
556, 0.053072277760302204
612, 0.053072277760302204
919, 0.053072277760302204
1004, 0.053072277760302204
1336, 0.053072277760302204
1376, 0.053072277760302204
1422, 0.053072277760302204
1498, 0.053072277760302204
1558, 0.053072277760302204
1580, 0.053072277760302204
1846, 0.053072277760302204
2209, 0.053072277760302204
2229, 0.053072277760302204
2260, 0.053072277760302204
2689, 0.053072277760302204
2949, 0.053072277760302204
2950, 0.053072277760302204
2963, 0.053072277760302204
2992, 0.053072277760302204
3363, 0.053072277760302204
3646, 0.053072277760302204
3857, 0.053072277760302204
3904, 0.053072277760302204
4209, 0.053072277760302204
4250, 0.053072277760302204
4376, 0.053072277760302204
4405, 0.053072277760302204
4435, 0.053072277760302204
4555, 0.053072277760302204
4573, 0.053072277760302204
4756, 0.053072277760302204
4945, 0.053072277760302204
5017, 0.053072277760302204
5025, 0.053072277760302204
5122, 0.053072277760302204
5263, 0.053072277760302204
5337, 0.053072277760302204
5771, 0.053072277760302204
6001, 0.053072277760302204
6020, 0.053072277760302204
6025, 0.053072277760302204
6051, 0.053072277760302204
6064, 0.053072277760302204
6149, 0.053072277760302204
8809, 0.053072277760302204
9076, 0.053072277760302204
9123, 0.053072277760302204
9278, 0.053072277760302204
9292, 0.053072277760302204
2971, 0.053072277760302204
3148, 0.053072277760302204
4170, 0.053072277760302204
4319, 0.053072277760302204
4804, 0.053072277760302204
543, 0.053072277760302204
1220, 0.053072277760302204
2868, 0.053072277760302204
3385, 0.053072277760302204
3903, 0.053072277760302204
1244, 0.053072277760302204
1284, 0.053072277760302204
1299, 0.053072277760302204
2324, 0.053072277760302204
3592, 0.053072277760302204
4193, 0.053072277760302204
8851, 0.053072277760302204
8873, 0.053072277760302204
8909, 0.053072277760302204
8925, 0.053072277760302204
9130, 0.053072277760302204
9132, 0.053072277760302204
9151, 0.053072277760302204
649, 0.048989794855663564
1186, 0.048989794855663564
1623, 0.048989794855663564
3133, 0.048989794855663564
3529, 0.048989794855663564
3559, 0.048989794855663564
3859, 0.048989794855663564
4570, 0.048989794855663564
4596, 0.048989794855663564
9008, 0.048989794855663564
9166, 0.048989794855663564
559, 0.048989794855663564
1188, 0.048989794855663564
1634, 0.048989794855663564
4517, 0.048989794855663564
4560, 0.048989794855663564
4616, 0.048989794855663564
11, 0.048989794855663564
167, 0.048989794855663564
566, 0.048989794855663564
623, 0.048989794855663564
698, 0.048989794855663564
869, 0.048989794855663564
900, 0.048989794855663564
947, 0.048989794855663564
979, 0.048989794855663564
1017, 0.048989794855663564
1058, 0.048989794855663564
1063, 0.048989794855663564
1098, 0.048989794855663564
1166, 0.048989794855663564
1177, 0.048989794855663564
1313, 0.048989794855663564
1321, 0.048989794855663564
1505, 0.048989794855663564
1636, 0.048989794855663564
1641, 0.048989794855663564
1728, 0.048989794855663564
1767, 0.048989794855663564
1797, 0.048989794855663564
2273, 0.048989794855663564
2981, 0.048989794855663564
3083, 0.048989794855663564
3087, 0.048989794855663564
3292, 0.048989794855663564
3437, 0.048989794855663564
3444, 0.048989794855663564
3519, 0.048989794855663564
3596, 0.048989794855663564
3601, 0.048989794855663564
4063, 0.048989794855663564
4191, 0.048989794855663564
4214, 0.048989794855663564
4222, 0.048989794855663564
4224, 0.048989794855663564
4232, 0.048989794855663564
4260, 0.048989794855663564
4299, 0.048989794855663564
4346, 0.048989794855663564
4424, 0.048989794855663564
4426, 0.048989794855663564
4601, 0.048989794855663564
4606, 0.048989794855663564
4670, 0.048989794855663564
4728, 0.048989794855663564
5252, 0.048989794855663564
5583, 0.048989794855663564
5685, 0.048989794855663564
5743, 0.048989794855663564
5773, 0.048989794855663564
5778, 0.048989794855663564
5950, 0.048989794855663564
5994, 0.048989794855663564
6018, 0.048989794855663564
6104, 0.048989794855663564
6164, 0.048989794855663564
8952, 0.048989794855663564
9003, 0.048989794855663564
9162, 0.048989794855663564
9352, 0.048989794855663564
423, 0.048989794855663564
1073, 0.048989794855663564
1206, 0.048989794855663564
1750, 0.048989794855663564
3185, 0.048989794855663564
3300, 0.048989794855663564
3482, 0.048989794855663564
3585, 0.048989794855663564
4452, 0.048989794855663564
4463, 0.048989794855663564
4533, 0.048989794855663564
4548, 0.048989794855663564
9360, 0.048989794855663564
637, 0.048989794855663564
1203, 0.048989794855663564
1261, 0.048989794855663564
1546, 0.048989794855663564
3889, 0.048989794855663564
2888, 0.048989794855663564
3659, 0.048989794855663564
8861, 0.048989794855663564
8885, 0.048989794855663564
9057, 0.048989794855663564
9111, 0.048989794855663564
9156, 0.048989794855663564
893, 0.04490731195102494
1189, 0.04490731195102494
3894, 0.04490731195102494
4547, 0.04490731195102494
4776, 0.04490731195102494
6003, 0.04490731195102494
8999, 0.04490731195102494
9036, 0.04490731195102494
495, 0.04490731195102494
602, 0.04490731195102494
1400, 0.04490731195102494
2960, 0.04490731195102494
4519, 0.04490731195102494
4585, 0.04490731195102494
9326, 0.04490731195102494
536, 0.04490731195102494
557, 0.04490731195102494
571, 0.04490731195102494
600, 0.04490731195102494
615, 0.04490731195102494
618, 0.04490731195102494
870, 0.04490731195102494
892, 0.04490731195102494
904, 0.04490731195102494
973, 0.04490731195102494
982, 0.04490731195102494
994, 0.04490731195102494
1012, 0.04490731195102494
1315, 0.04490731195102494
1363, 0.04490731195102494
1373, 0.04490731195102494
1408, 0.04490731195102494
1449, 0.04490731195102494
1466, 0.04490731195102494
1479, 0.04490731195102494
1499, 0.04490731195102494
1560, 0.04490731195102494
1632, 0.04490731195102494
2287, 0.04490731195102494
3017, 0.04490731195102494
3062, 0.04490731195102494
3078, 0.04490731195102494
3095, 0.04490731195102494
3131, 0.04490731195102494
3547, 0.04490731195102494
3589, 0.04490731195102494
3608, 0.04490731195102494
3654, 0.04490731195102494
3819, 0.04490731195102494
3845, 0.04490731195102494
3853, 0.04490731195102494
4114, 0.04490731195102494
4171, 0.04490731195102494
4177, 0.04490731195102494
4187, 0.04490731195102494
4196, 0.04490731195102494
4208, 0.04490731195102494
4220, 0.04490731195102494
4236, 0.04490731195102494
4356, 0.04490731195102494
4370, 0.04490731195102494
4387, 0.04490731195102494
4388, 0.04490731195102494
4407, 0.04490731195102494
4414, 0.04490731195102494
4417, 0.04490731195102494
4422, 0.04490731195102494
4440, 0.04490731195102494
4458, 0.04490731195102494
4478, 0.04490731195102494
4588, 0.04490731195102494
4682, 0.04490731195102494
5154, 0.04490731195102494
5320, 0.04490731195102494
5593, 0.04490731195102494
5679, 0.04490731195102494
5757, 0.04490731195102494
5820, 0.04490731195102494
5995, 0.04490731195102494
8800, 0.04490731195102494
8876, 0.04490731195102494
8986, 0.04490731195102494
9098, 0.04490731195102494
446, 0.04490731195102494
2363, 0.04490731195102494
2879, 0.04490731195102494
3006, 0.04490731195102494
3282, 0.04490731195102494
3603, 0.04490731195102494
3909, 0.04490731195102494
4027, 0.04490731195102494
4503, 0.04490731195102494
5993, 0.04490731195102494
527, 0.04490731195102494
1249, 0.04490731195102494
3114, 0.04490731195102494
578, 0.04490731195102494
1210, 0.04490731195102494
1278, 0.04490731195102494
1643, 0.04490731195102494
3249, 0.04490731195102494
1230, 0.04082482904638631
1536, 0.04082482904638631
1812, 0.04082482904638631
2366, 0.04082482904638631
4347, 0.04082482904638631
4592, 0.04082482904638631
8837, 0.04082482904638631
719, 0.04082482904638631
1426, 0.04082482904638631
4512, 0.04082482904638631
4516, 0.04082482904638631
4539, 0.04082482904638631
4599, 0.04082482904638631
4617, 0.04082482904638631
12, 0.04082482904638631
478, 0.04082482904638631
580, 0.04082482904638631
621, 0.04082482904638631
645, 0.04082482904638631
669, 0.04082482904638631
705, 0.04082482904638631
871, 0.04082482904638631
878, 0.04082482904638631
960, 0.04082482904638631
1013, 0.04082482904638631
1032, 0.04082482904638631
1033, 0.04082482904638631
1126, 0.04082482904638631
1309, 0.04082482904638631
1322, 0.04082482904638631
1397, 0.04082482904638631
1414, 0.04082482904638631
1462, 0.04082482904638631
1484, 0.04082482904638631
1496, 0.04082482904638631
1549, 0.04082482904638631
1610, 0.04082482904638631
1666, 0.04082482904638631
1720, 0.04082482904638631
1813, 0.04082482904638631
1839, 0.04082482904638631
2198, 0.04082482904638631
2261, 0.04082482904638631
2359, 0.04082482904638631
2979, 0.04082482904638631
3079, 0.04082482904638631
3092, 0.04082482904638631
3194, 0.04082482904638631
3301, 0.04082482904638631
3430, 0.04082482904638631
3467, 0.04082482904638631
3507, 0.04082482904638631
3510, 0.04082482904638631
3571, 0.04082482904638631
3643, 0.04082482904638631
3657, 0.04082482904638631
3841, 0.04082482904638631
3929, 0.04082482904638631
4030, 0.04082482904638631
4095, 0.04082482904638631
4121, 0.04082482904638631
4186, 0.04082482904638631
4211, 0.04082482904638631
4225, 0.04082482904638631
4308, 0.04082482904638631
4373, 0.04082482904638631
4465, 0.04082482904638631
4485, 0.04082482904638631
4623, 0.04082482904638631
4697, 0.04082482904638631
4943, 0.04082482904638631
5324, 0.04082482904638631
5331, 0.04082482904638631
5580, 0.04082482904638631
6198, 0.04082482904638631
6214, 0.04082482904638631
8791, 0.04082482904638631
9085, 0.04082482904638631
9099, 0.04082482904638631
9199, 0.04082482904638631
1167, 0.04082482904638631
1212, 0.04082482904638631
3480, 0.04082482904638631
3553, 0.04082482904638631
4568, 0.04082482904638631
4897, 0.04082482904638631
5150, 0.04082482904638631
567, 0.04082482904638631
1260, 0.04082482904638631
1561, 0.04082482904638631
1791, 0.04082482904638631
3843, 0.04082482904638631
4950, 0.04082482904638631
204, 0.04082482904638631
207, 0.04082482904638631
217, 0.04082482904638631
1242, 0.04082482904638631
1844, 0.04082482904638631
5990, 0.04082482904638631
8765, 0.04082482904638631
8766, 0.04082482904638631
9047, 0.04082482904638631
213, 0.03674234614174768
485, 0.03674234614174768
908, 0.03674234614174768
909, 0.03674234614174768
974, 0.03674234614174768
1163, 0.03674234614174768
3136, 0.03674234614174768
3288, 0.03674234614174768
4041, 0.03674234614174768
4092, 0.03674234614174768
4107, 0.03674234614174768
4280, 0.03674234614174768
4636, 0.03674234614174768
4691, 0.03674234614174768
5801, 0.03674234614174768
8736, 0.03674234614174768
9058, 0.03674234614174768
9115, 0.03674234614174768
604, 0.03674234614174768
4469, 0.03674234614174768
4472, 0.03674234614174768
4499, 0.03674234614174768
4608, 0.03674234614174768
4612, 0.03674234614174768
8, 0.03674234614174768
49, 0.03674234614174768
212, 0.03674234614174768
338, 0.03674234614174768
344, 0.03674234614174768
477, 0.03674234614174768
534, 0.03674234614174768
561, 0.03674234614174768
643, 0.03674234614174768
648, 0.03674234614174768
720, 0.03674234614174768
889, 0.03674234614174768
959, 0.03674234614174768
1037, 0.03674234614174768
1059, 0.03674234614174768
1179, 0.03674234614174768
1378, 0.03674234614174768
1441, 0.03674234614174768
1488, 0.03674234614174768
1518, 0.03674234614174768
1528, 0.03674234614174768
1594, 0.03674234614174768
1721, 0.03674234614174768
1789, 0.03674234614174768
1856, 0.03674234614174768
2358, 0.03674234614174768
2973, 0.03674234614174768
3124, 0.03674234614174768
3649, 0.03674234614174768
3866, 0.03674234614174768
3871, 0.03674234614174768
4014, 0.03674234614174768
4032, 0.03674234614174768
4065, 0.03674234614174768
4069, 0.03674234614174768
4199, 0.03674234614174768
4234, 0.03674234614174768
4282, 0.03674234614174768
4305, 0.03674234614174768
4334, 0.03674234614174768
4342, 0.03674234614174768
4496, 0.03674234614174768
4504, 0.03674234614174768
4562, 0.03674234614174768
4598, 0.03674234614174768
4607, 0.03674234614174768
4622, 0.03674234614174768
4726, 0.03674234614174768
4759, 0.03674234614174768
4761, 0.03674234614174768
5021, 0.03674234614174768
5084, 0.03674234614174768
5325, 0.03674234614174768
8735, 0.03674234614174768
8785, 0.03674234614174768
8956, 0.03674234614174768
8973, 0.03674234614174768
8994, 0.03674234614174768
9020, 0.03674234614174768
9024, 0.03674234614174768
9046, 0.03674234614174768
9139, 0.03674234614174768
9155, 0.03674234614174768
1375, 0.03674234614174768
4715, 0.03674234614174768
4753, 0.03674234614174768
5070, 0.03674234614174768
21, 0.03674234614174768
629, 0.03674234614174768
1214, 0.03674234614174768
1276, 0.03674234614174768
1794, 0.03674234614174768
2208, 0.03674234614174768
8783, 0.03674234614174768
8883, 0.03674234614174768
9127, 0.03674234614174768
591, 0.032659863237109045
3821, 0.032659863237109045
4279, 0.032659863237109045
9005, 0.032659863237109045
903, 0.032659863237109045
4492, 0.032659863237109045
4620, 0.032659863237109045
15, 0.032659863237109045
476, 0.032659863237109045
946, 0.032659863237109045
1065, 0.032659863237109045
1066, 0.032659863237109045
1194, 0.032659863237109045
1475, 0.032659863237109045
2323, 0.032659863237109045
2887, 0.032659863237109045
2983, 0.032659863237109045
3108, 0.032659863237109045
3486, 0.032659863237109045
3815, 0.032659863237109045
3835, 0.032659863237109045
4184, 0.032659863237109045
4192, 0.032659863237109045
4298, 0.032659863237109045
4374, 0.032659863237109045
4475, 0.032659863237109045
4569, 0.032659863237109045
4677, 0.032659863237109045
4707, 0.032659863237109045
4719, 0.032659863237109045
5742, 0.032659863237109045
8779, 0.032659863237109045
8992, 0.032659863237109045
9014, 0.032659863237109045
572, 0.032659863237109045
1162, 0.032659863237109045
1419, 0.032659863237109045
4632, 0.032659863237109045
8823, 0.032659863237109045
9049, 0.032659863237109045
1067, 0.02857738033247042
1411, 0.02857738033247042
3105, 0.02857738033247042
4228, 0.02857738033247042
4718, 0.02857738033247042
8969, 0.02857738033247042
1364, 0.02857738033247042
1719, 0.02857738033247042
545, 0.02857738033247042
