1647, 0.46540305112880387
3769, 0.43274318789169486
3777, 0.43274318789169486
1220, 0.3470110468942836
3743, 0.23678400846904057
643, 0.2122891110412088
2896, 0.20412414523193154
3675, 0.20412414523193154
3762, 0.20412414523193154
3765, 0.20412414523193154
2622, 0.20412414523193154
8931, 0.20412414523193154
3677, 0.20412414523193154
1261, 0.19595917942265428
3520, 0.19187669651801564
3681, 0.1837117307087384
3737, 0.1837117307087384
3740, 0.1837117307087384
3742, 0.1837117307087384
3763, 0.1837117307087384
3772, 0.1837117307087384
9314, 0.1837117307087384
8996, 0.17554676489946114
3716, 0.17146428199482247
3662, 0.16738179909018386
3663, 0.16738179909018386
3690, 0.16738179909018386
3691, 0.16738179909018386
3701, 0.16738179909018386
3732, 0.16738179909018386
3744, 0.16738179909018386
3749, 0.16738179909018386
3761, 0.16738179909018386
3771, 0.16738179909018386
3787, 0.16738179909018386
3143, 0.16738179909018386
1347, 0.16738179909018386
3326, 0.16738179909018386
3735, 0.16329931618554525
3748, 0.16329931618554525
4091, 0.16329931618554522
2869, 0.1592168332809066
4232, 0.15921683328090658
3673, 0.15513435037626797
3683, 0.15513435037626797
3714, 0.15513435037626797
3734, 0.15513435037626797
3736, 0.15513435037626797
3766, 0.15513435037626797
3770, 0.15513435037626797
3774, 0.15513435037626797
3786, 0.15513435037626797
620, 0.15513435037626797
9056, 0.15513435037626797
9129, 0.15513435037626797
1805, 0.15105186747162935
715, 0.15105186747162933
1816, 0.15105186747162933
2225, 0.15105186747162933
194, 0.1469693845669907
9361, 0.1469693845669907
577, 0.1469693845669907
9036, 0.1469693845669907
676, 0.14288690166235207
1270, 0.14288690166235207
1621, 0.14288690166235207
649, 0.14288690166235207
3709, 0.14288690166235207
3723, 0.14288690166235207
3726, 0.14288690166235207
3746, 0.14288690166235207
3755, 0.14288690166235207
3757, 0.14288690166235207
3775, 0.14288690166235207
3790, 0.14288690166235207
3800, 0.14288690166235207
672, 0.14288690166235207
8921, 0.13880441875771346
656, 0.13880441875771346
3724, 0.13880441875771346
3754, 0.13880441875771346
581, 0.13880441875771346
4547, 0.13880441875771346
4767, 0.13880441875771346
3114, 0.13880441875771346
679, 0.13880441875771343
1438, 0.13880441875771343
4755, 0.13880441875771343
9289, 0.13880441875771343
3745, 0.13472193585307482
3756, 0.13472193585307482
4317, 0.13472193585307482
4760, 0.13472193585307482
9045, 0.13472193585307482
2834, 0.13472193585307482
4764, 0.1347219358530748
4220, 0.1306394529484362
8899, 0.13063945294843618
3664, 0.13063945294843618
3665, 0.13063945294843618
3687, 0.13063945294843618
3703, 0.13063945294843618
3717, 0.13063945294843618
3739, 0.13063945294843618
3760, 0.13063945294843618
3792, 0.13063945294843618
8824, 0.13063945294843618
1821, 0.13063945294843618
641, 0.12655697004379757
9127, 0.12655697004379757
617, 0.12655697004379757
1291, 0.12655697004379757
651, 0.12655697004379754
1236, 0.12247448713915893
1593, 0.12247448713915893
1688, 0.12247448713915893
2959, 0.12247448713915893
4256, 0.12247448713915893
9096, 0.12247448713915893
4743, 0.12247448713915893
8827, 0.12247448713915893
4696, 0.12247448713915891
1019, 0.12247448713915891
1822, 0.12247448713915891
3686, 0.12247448713915891
3725, 0.12247448713915891
1669, 0.12247448713915891
714, 0.12247448713915891
645, 0.11839200423452029
655, 0.11839200423452029
3720, 0.11839200423452029
3810, 0.11839200423452029
3607, 0.11839200423452029
8746, 0.11839200423452029
3311, 0.11839200423452029
19, 0.11430952132988167
3122, 0.11430952132988167
3457, 0.11430952132988167
8852, 0.11430952132988167
3705, 0.11430952132988167
1361, 0.11430952132988167
2205, 0.11430952132988167
2858, 0.11430952132988167
3293, 0.11430952132988167
11, 0.11430952132988166
9050, 0.11430952132988166
8791, 0.11430952132988166
1206, 0.11430952132988165
704, 0.11022703842524303
2980, 0.11022703842524303
2983, 0.11022703842524303
4701, 0.11022703842524303
644, 0.11022703842524303
1514, 0.11022703842524303
8844, 0.11022703842524303
9147, 0.11022703842524303
9137, 0.11022703842524303
1053, 0.11022703842524302
5127, 0.11022703842524302
9178, 0.11022703842524302
1241, 0.10614455552060441
3747, 0.10614455552060441
580, 0.10614455552060441
944, 0.10614455552060441
3483, 0.10614455552060441
8845, 0.10614455552060441
3859, 0.1061445555206044
2979, 0.1061445555206044
21, 0.1061445555206044
3833, 0.1061445555206044
9180, 0.1061445555206044
1243, 0.10206207261596578
3100, 0.10206207261596578
4363, 0.10206207261596578
2870, 0.10206207261596578
9039, 0.10206207261596577
3666, 0.10206207261596577
2339, 0.10206207261596577
3288, 0.10206207261596577
8811, 0.10206207261596577
2319, 0.10206207261596577
2850, 0.10206207261596577
14, 0.09797958971132714
1267, 0.09797958971132714
9058, 0.09797958971132714
648, 0.09797958971132714
908, 0.09797958971132714
909, 0.09797958971132714
3510, 0.09797958971132714
1031, 0.09797958971132713
2776, 0.09797958971132713
631, 0.09797958971132713
2214, 0.09797958971132713
4331, 0.09797958971132713
198, 0.09797958971132713
688, 0.09797958971132713
1655, 0.09797958971132713
3287, 0.09797958971132713
8751, 0.09797958971132713
1397, 0.09389710680668852
3111, 0.09389710680668852
3895, 0.09389710680668852
4626, 0.09389710680668852
8864, 0.09389710680668852
182, 0.09389710680668852
1352, 0.09389710680668852
1375, 0.09389710680668852
8906, 0.09389710680668852
8837, 0.09389710680668852
8932, 0.09389710680668852
1253, 0.09389710680668852
2324, 0.09389710680668852
3350, 0.09389710680668852
1419, 0.0938971068066885
573, 0.08981462390204989
8802, 0.08981462390204989
8891, 0.08981462390204989
1441, 0.08981462390204989
443, 0.08981462390204988
1418, 0.08981462390204988
2093, 0.08981462390204988
3291, 0.08981462390204988
4221, 0.08981462390204988
4377, 0.08981462390204988
4529, 0.08981462390204988
589, 0.08981462390204988
1402, 0.08981462390204988
2877, 0.08981462390204988
4157, 0.08981462390204988
9259, 0.08981462390204988
3540, 0.08981462390204988
4190, 0.08981462390204988
4241, 0.08981462390204988
8789, 0.08981462390204988
1850, 0.08981462390204988
4257, 0.08981462390204988
4306, 0.08981462390204988
1209, 0.08573214099741125
1319, 0.08573214099741125
3136, 0.08573214099741125
4709, 0.08573214099741125
4718, 0.08573214099741125
8854, 0.08573214099741125
8874, 0.08573214099741125
919, 0.08573214099741125
1488, 0.08573214099741125
8823, 0.08573214099741125
881, 0.08573214099741124
9363, 0.08573214099741124
1473, 0.08573214099741124
2199, 0.08573214099741124
3379, 0.08573214099741124
4251, 0.08573214099741124
8731, 0.08573214099741124
691, 0.08573214099741124
724, 0.08573214099741124
1169, 0.08573214099741124
1653, 0.08573214099741124
1820, 0.08573214099741124
3296, 0.08573214099741124
8836, 0.08573214099741124
23, 0.08164965809277262
165, 0.08164965809277262
215, 0.08164965809277262
1218, 0.08164965809277262
1260, 0.08164965809277262
1551, 0.08164965809277262
3378, 0.08164965809277262
3830, 0.08164965809277262
4739, 0.08164965809277262
432, 0.08164965809277262
4063, 0.08164965809277262
470, 0.08164965809277262
681, 0.08164965809277262
1519, 0.08164965809277262
2337, 0.08164965809277262
3377, 0.08164965809277262
4392, 0.08164965809277262
4395, 0.08164965809277262
4535, 0.08164965809277262
6182, 0.08164965809277262
8809, 0.08164965809277262
877, 0.08164965809277262
906, 0.08164965809277262
1242, 0.08164965809277262
2894, 0.08164965809277262
3528, 0.08164965809277262
8842, 0.08164965809277262
9287, 0.08164965809277262
209, 0.08164965809277262
5627, 0.08164965809277262
8936, 0.08164965809277262
191, 0.08164965809277262
199, 0.08164965809277262
201, 0.08164965809277262
682, 0.08164965809277262
716, 0.08164965809277262
1271, 0.08164965809277262
1278, 0.08164965809277262
1283, 0.08164965809277262
1608, 0.08164965809277262
1788, 0.08164965809277262
2230, 0.08164965809277262
3299, 0.08164965809277262
3462, 0.08164965809277262
8766, 0.08164965809277262
8992, 0.08164965809277261
9176, 0.08164965809277261
540, 0.07756717518813398
907, 0.07756717518813398
1066, 0.07756717518813398
428, 0.07756717518813398
2971, 0.07756717518813398
3015, 0.07756717518813398
9170, 0.07756717518813398
535, 0.07756717518813398
1382, 0.07756717518813398
1424, 0.07756717518813398
4477, 0.07756717518813398
4508, 0.07756717518813398
4527, 0.07756717518813398
9250, 0.07756717518813398
1461, 0.07756717518813398
3511, 0.07756717518813398
208, 0.07756717518813398
568, 0.07756717518813398
689, 0.07756717518813398
721, 0.07756717518813398
1255, 0.07756717518813398
1282, 0.07756717518813398
1808, 0.07756717518813398
3115, 0.07756717518813398
3120, 0.07756717518813398
3843, 0.07756717518813398
3854, 0.07756717518813398
4668, 0.07756717518813398
8798, 0.07756717518813398
8812, 0.07756717518813398
8926, 0.07756717518813398
169, 0.07348469228349536
338, 0.07348469228349536
344, 0.07348469228349536
1030, 0.07348469228349536
1070, 0.07348469228349536
1181, 0.07348469228349536
1345, 0.07348469228349536
1544, 0.07348469228349536
1723, 0.07348469228349536
1789, 0.07348469228349536
3283, 0.07348469228349536
3814, 0.07348469228349536
3866, 0.07348469228349536
4727, 0.07348469228349536
4950, 0.07348469228349536
6015, 0.07348469228349536
8849, 0.07348469228349536
9118, 0.07348469228349536
9172, 0.07348469228349536
9253, 0.07348469228349536
2992, 0.07348469228349536
3001, 0.07348469228349536
948, 0.07348469228349536
1637, 0.07348469228349536
1856, 0.07348469228349536
2263, 0.07348469228349536
3516, 0.07348469228349536
3659, 0.07348469228349536
3868, 0.07348469228349536
4393, 0.07348469228349536
4520, 0.07348469228349536
8994, 0.07348469228349536
9293, 0.07348469228349536
636, 0.07348469228349536
911, 0.07348469228349536
1335, 0.07348469228349536
1340, 0.07348469228349536
1369, 0.07348469228349536
1634, 0.07348469228349536
1794, 0.07348469228349536
8761, 0.07348469228349536
8825, 0.07348469228349536
546, 0.07348469228349536
1207, 0.07348469228349536
1217, 0.07348469228349536
1391, 0.07348469228349536
1796, 0.07348469228349536
1817, 0.07348469228349536
1851, 0.07348469228349536
2361, 0.07348469228349536
2371, 0.07348469228349536
4776, 0.07348469228349536
9101, 0.07348469228349536
1064, 0.06940220937885673
1132, 0.06940220937885673
3336, 0.06940220937885673
2991, 0.06940220937885673
1504, 0.06940220937885673
3469, 0.06940220937885673
3612, 0.06940220937885673
4378, 0.06940220937885673
4603, 0.06940220937885673
5025, 0.06940220937885673
9071, 0.06940220937885673
1113, 0.06940220937885673
1395, 0.06940220937885673
3521, 0.06940220937885673
3565, 0.06940220937885673
3885, 0.06940220937885673
4609, 0.06940220937885673
6, 0.06940220937885673
172, 0.06940220937885673
175, 0.06940220937885673
642, 0.06940220937885673
1213, 0.06940220937885673
1231, 0.06940220937885673
1238, 0.06940220937885673
1254, 0.06940220937885673
1299, 0.06940220937885673
1300, 0.06940220937885673
1786, 0.06940220937885673
1833, 0.06940220937885673
2216, 0.06940220937885673
2320, 0.06940220937885673
2873, 0.06940220937885673
3251, 0.06940220937885673
3297, 0.06940220937885673
3317, 0.06940220937885673
3333, 0.06940220937885673
3357, 0.06940220937885673
8890, 0.06940220937885673
8901, 0.06940220937885673
8950, 0.06940220937885673
8951, 0.06940220937885673
8999, 0.06940220937885673
9031, 0.06940220937885673
449, 0.06531972647421809
639, 0.06531972647421809
683, 0.06531972647421809
1083, 0.06531972647421809
1089, 0.06531972647421809
1125, 0.06531972647421809
1170, 0.06531972647421809
1398, 0.06531972647421809
3355, 0.06531972647421809
4172, 0.06531972647421809
8779, 0.06531972647421809
8792, 0.06531972647421809
9005, 0.06531972647421809
9163, 0.06531972647421809
425, 0.06531972647421809
629, 0.06531972647421809
2138, 0.06531972647421809
6216, 0.06531972647421809
9207, 0.06531972647421809
430, 0.06531972647421809
585, 0.06531972647421809
600, 0.06531972647421809
1486, 0.06531972647421809
1574, 0.06531972647421809
1580, 0.06531972647421809
1652, 0.06531972647421809
3593, 0.06531972647421809
3867, 0.06531972647421809
4345, 0.06531972647421809
4494, 0.06531972647421809
1326, 0.06531972647421809
1383, 0.06531972647421809
1570, 0.06531972647421809
1639, 0.06531972647421809
2213, 0.06531972647421809
3537, 0.06531972647421809
3543, 0.06531972647421809
4334, 0.06531972647421809
9188, 0.06531972647421809
702, 0.06531972647421809
703, 0.06531972647421809
708, 0.06531972647421809
901, 0.06531972647421809
1037, 0.06531972647421809
1276, 0.06531972647421809
1509, 0.06531972647421809
3598, 0.06531972647421809
4114, 0.06531972647421809
4630, 0.06531972647421809
4744, 0.06531972647421809
8894, 0.06531972647421809
8897, 0.06531972647421809
9064, 0.06531972647421809
9066, 0.06531972647421809
538, 0.06123724356957946
991, 0.06123724356957946
1029, 0.06123724356957946
1069, 0.06123724356957946
1377, 0.06123724356957946
1615, 0.06123724356957946
3011, 0.06123724356957946
3197, 0.06123724356957946
9171, 0.06123724356957946
437, 0.06123724356957946
1057, 0.06123724356957946
1511, 0.06123724356957946
1623, 0.06123724356957946
1863, 0.06123724356957946
3853, 0.06123724356957946
3892, 0.06123724356957946
3919, 0.06123724356957946
4146, 0.06123724356957946
4161, 0.06123724356957946
4556, 0.06123724356957946
4790, 0.06123724356957946
5979, 0.06123724356957946
9285, 0.06123724356957946
1472, 0.06123724356957946
1607, 0.06123724356957946
1666, 0.06123724356957946
1740, 0.06123724356957946
1751, 0.06123724356957946
3566, 0.06123724356957946
4055, 0.06123724356957946
4210, 0.06123724356957946
4233, 0.06123724356957946
4371, 0.06123724356957946
5312, 0.06123724356957946
9037, 0.06123724356957946
3621, 0.06123724356957946
4690, 0.06123724356957946
18, 0.06123724356957946
193, 0.06123724356957946
686, 0.06123724356957946
693, 0.06123724356957946
720, 0.06123724356957946
902, 0.06123724356957946
1204, 0.06123724356957946
1245, 0.06123724356957946
1257, 0.06123724356957946
2322, 0.06123724356957946
3144, 0.06123724356957946
3315, 0.06123724356957946
4333, 0.06123724356957946
8831, 0.06123724356957946
8907, 0.06123724356957946
9086, 0.06123724356957946
548, 0.05715476066494084
628, 0.05715476066494084
1088, 0.05715476066494084
1235, 0.05715476066494084
2106, 0.05715476066494084
3010, 0.05715476066494084
3256, 0.05715476066494084
3313, 0.05715476066494084
4438, 0.05715476066494084
8729, 0.05715476066494084
8960, 0.05715476066494084
8984, 0.05715476066494084
9043, 0.05715476066494084
9067, 0.05715476066494084
9121, 0.05715476066494084
9169, 0.05715476066494084
3605, 0.05715476066494084
4046, 0.05715476066494084
171, 0.05715476066494084
613, 0.05715476066494084
959, 0.05715476066494084
1173, 0.05715476066494084
1185, 0.05715476066494084
1359, 0.05715476066494084
1394, 0.05715476066494084
1501, 0.05715476066494084
1547, 0.05715476066494084
1721, 0.05715476066494084
2197, 0.05715476066494084
2252, 0.05715476066494084
2259, 0.05715476066494084
2968, 0.05715476066494084
3442, 0.05715476066494084
3456, 0.05715476066494084
3613, 0.05715476066494084
4243, 0.05715476066494084
4394, 0.05715476066494084
4473, 0.05715476066494084
5029, 0.05715476066494084
8774, 0.05715476066494084
8806, 0.05715476066494084
8976, 0.05715476066494084
8993, 0.05715476066494084
9077, 0.05715476066494084
1, 0.05715476066494084
1114, 0.05715476066494084
1471, 0.05715476066494084
1485, 0.05715476066494084
1579, 0.05715476066494084
1581, 0.05715476066494084
1662, 0.05715476066494084
3591, 0.05715476066494084
4237, 0.05715476066494084
4242, 0.05715476066494084
8912, 0.05715476066494084
8965, 0.05715476066494084
181, 0.05715476066494084
522, 0.05715476066494084
678, 0.05715476066494084
680, 0.05715476066494084
687, 0.05715476066494084
711, 0.05715476066494084
712, 0.05715476066494084
713, 0.05715476066494084
1264, 0.05715476066494084
1287, 0.05715476066494084
1290, 0.05715476066494084
1294, 0.05715476066494084
1842, 0.05715476066494084
1852, 0.05715476066494084
3141, 0.05715476066494084
3337, 0.05715476066494084
3518, 0.05715476066494084
4053, 0.05715476066494084
4105, 0.05715476066494084
8793, 0.05715476066494084
9122, 0.05715476066494084
9135, 0.05715476066494084
9145, 0.05715476066494084
9149, 0.05715476066494084
565, 0.053072277760302204
1087, 0.053072277760302204
1302, 0.053072277760302204
1545, 0.053072277760302204
2996, 0.053072277760302204
3369, 0.053072277760302204
4031, 0.053072277760302204
4402, 0.053072277760302204
4405, 0.053072277760302204
4772, 0.053072277760302204
4943, 0.053072277760302204
26, 0.053072277760302204
462, 0.053072277760302204
468, 0.053072277760302204
579, 0.053072277760302204
707, 0.053072277760302204
1353, 0.053072277760302204
1495, 0.053072277760302204
1612, 0.053072277760302204
1668, 0.053072277760302204
3458, 0.053072277760302204
3460, 0.053072277760302204
3474, 0.053072277760302204
3588, 0.053072277760302204
3611, 0.053072277760302204
4029, 0.053072277760302204
4506, 0.053072277760302204
4523, 0.053072277760302204
4581, 0.053072277760302204
4617, 0.053072277760302204
4622, 0.053072277760302204
5019, 0.053072277760302204
5122, 0.053072277760302204
5261, 0.053072277760302204
5816, 0.053072277760302204
8947, 0.053072277760302204
9016, 0.053072277760302204
9119, 0.053072277760302204
9167, 0.053072277760302204
9258, 0.053072277760302204
1026, 0.053072277760302204
1434, 0.053072277760302204
1439, 0.053072277760302204
1452, 0.053072277760302204
1487, 0.053072277760302204
3007, 0.053072277760302204
3542, 0.053072277760302204
3567, 0.053072277760302204
4102, 0.053072277760302204
4113, 0.053072277760302204
4360, 0.053072277760302204
896, 0.053072277760302204
1013, 0.053072277760302204
1244, 0.053072277760302204
1277, 0.053072277760302204
1286, 0.053072277760302204
1324, 0.053072277760302204
1344, 0.053072277760302204
1429, 0.053072277760302204
1460, 0.053072277760302204
1563, 0.053072277760302204
3127, 0.053072277760302204
3818, 0.053072277760302204
4085, 0.053072277760302204
4491, 0.053072277760302204
8750, 0.053072277760302204
9102, 0.053072277760302204
583, 0.048989794855663564
718, 0.048989794855663564
1112, 0.048989794855663564
1280, 0.048989794855663564
1298, 0.048989794855663564
1432, 0.048989794855663564
3586, 0.048989794855663564
4424, 0.048989794855663564
4742, 0.048989794855663564
6018, 0.048989794855663564
9087, 0.048989794855663564
880, 0.048989794855663564
9210, 0.048989794855663564
167, 0.048989794855663564
505, 0.048989794855663564
971, 0.048989794855663564
1179, 0.048989794855663564
1306, 0.048989794855663564
1366, 0.048989794855663564
1454, 0.048989794855663564
1480, 0.048989794855663564
1539, 0.048989794855663564
1658, 0.048989794855663564
1746, 0.048989794855663564
2270, 0.048989794855663564
2321, 0.048989794855663564
2362, 0.048989794855663564
2368, 0.048989794855663564
2977, 0.048989794855663564
3318, 0.048989794855663564
3519, 0.048989794855663564
3653, 0.048989794855663564
3858, 0.048989794855663564
3901, 0.048989794855663564
4017, 0.048989794855663564
4123, 0.048989794855663564
4191, 0.048989794855663564
4271, 0.048989794855663564
4282, 0.048989794855663564
4432, 0.048989794855663564
4459, 0.048989794855663564
4483, 0.048989794855663564
4537, 0.048989794855663564
4583, 0.048989794855663564
4612, 0.048989794855663564
4634, 0.048989794855663564
6104, 0.048989794855663564
9161, 0.048989794855663564
9166, 0.048989794855663564
9369, 0.048989794855663564
900, 0.048989794855663564
1313, 0.048989794855663564
1399, 0.048989794855663564
1442, 0.048989794855663564
1447, 0.048989794855663564
1750, 0.048989794855663564
2365, 0.048989794855663564
3245, 0.048989794855663564
3437, 0.048989794855663564
3568, 0.048989794855663564
3570, 0.048989794855663564
4194, 0.048989794855663564
4332, 0.048989794855663564
4375, 0.048989794855663564
4899, 0.048989794855663564
9108, 0.048989794855663564
9288, 0.048989794855663564
914, 0.048989794855663564
1211, 0.048989794855663564
1465, 0.048989794855663564
4260, 0.048989794855663564
170, 0.048989794855663564
685, 0.048989794855663564
903, 0.048989794855663564
1239, 0.048989794855663564
1275, 0.048989794855663564
1285, 0.048989794855663564
1338, 0.048989794855663564
1635, 0.048989794855663564
1747, 0.048989794855663564
1795, 0.048989794855663564
2883, 0.048989794855663564
3121, 0.048989794855663564
3247, 0.048989794855663564
3250, 0.048989794855663564
3331, 0.048989794855663564
3464, 0.048989794855663564
3569, 0.048989794855663564
3888, 0.048989794855663564
4262, 0.048989794855663564
4302, 0.048989794855663564
4303, 0.048989794855663564
4687, 0.048989794855663564
8769, 0.048989794855663564
8830, 0.048989794855663564
8937, 0.048989794855663564
9091, 0.048989794855663564
9156, 0.048989794855663564
163, 0.04490731195102494
218, 0.04490731195102494
539, 0.04490731195102494
571, 0.04490731195102494
892, 0.04490731195102494
897, 0.04490731195102494
973, 0.04490731195102494
976, 0.04490731195102494
1226, 0.04490731195102494
1421, 0.04490731195102494
2355, 0.04490731195102494
2960, 0.04490731195102494
2978, 0.04490731195102494
3017, 0.04490731195102494
3149, 0.04490731195102494
3198, 0.04490731195102494
3309, 0.04490731195102494
3352, 0.04490731195102494
3654, 0.04490731195102494
4079, 0.04490731195102494
4316, 0.04490731195102494
4429, 0.04490731195102494
4610, 0.04490731195102494
4618, 0.04490731195102494
8771, 0.04490731195102494
8944, 0.04490731195102494
8987, 0.04490731195102494
9032, 0.04490731195102494
9158, 0.04490731195102494
9173, 0.04490731195102494
658, 0.04490731195102494
1307, 0.04490731195102494
2945, 0.04490731195102494
2988, 0.04490731195102494
3008, 0.04490731195102494
4279, 0.04490731195102494
454, 0.04490731195102494
473, 0.04490731195102494
582, 0.04490731195102494
607, 0.04490731195102494
1190, 0.04490731195102494
1401, 0.04490731195102494
1440, 0.04490731195102494
1727, 0.04490731195102494
1855, 0.04490731195102494
2282, 0.04490731195102494
3531, 0.04490731195102494
3560, 0.04490731195102494
3573, 0.04490731195102494
3589, 0.04490731195102494
4235, 0.04490731195102494
4352, 0.04490731195102494
4414, 0.04490731195102494
4421, 0.04490731195102494
4714, 0.04490731195102494
6160, 0.04490731195102494
8877, 0.04490731195102494
9177, 0.04490731195102494
458, 0.04490731195102494
578, 0.04490731195102494
918, 0.04490731195102494
1314, 0.04490731195102494
1411, 0.04490731195102494
1423, 0.04490731195102494
1578, 0.04490731195102494
1583, 0.04490731195102494
1632, 0.04490731195102494
3102, 0.04490731195102494
3374, 0.04490731195102494
3508, 0.04490731195102494
3535, 0.04490731195102494
3608, 0.04490731195102494
4044, 0.04490731195102494
4391, 0.04490731195102494
4467, 0.04490731195102494
9040, 0.04490731195102494
9371, 0.04490731195102494
1247, 0.04490731195102494
1664, 0.04490731195102494
2265, 0.04490731195102494
4263, 0.04490731195102494
4267, 0.04490731195102494
4425, 0.04490731195102494
8820, 0.04490731195102494
9042, 0.04490731195102494
618, 0.04490731195102494
893, 0.04490731195102494
904, 0.04490731195102494
1189, 0.04490731195102494
1229, 0.04490731195102494
1274, 0.04490731195102494
1360, 0.04490731195102494
1798, 0.04490731195102494
2196, 0.04490731195102494
2892, 0.04490731195102494
2893, 0.04490731195102494
3117, 0.04490731195102494
3126, 0.04490731195102494
3319, 0.04490731195102494
3361, 0.04490731195102494
3463, 0.04490731195102494
4110, 0.04490731195102494
4126, 0.04490731195102494
4259, 0.04490731195102494
4768, 0.04490731195102494
8747, 0.04490731195102494
8760, 0.04490731195102494
8859, 0.04490731195102494
8910, 0.04490731195102494
9038, 0.04490731195102494
12, 0.04082482904638631
442, 0.04082482904638631
466, 0.04082482904638631
554, 0.04082482904638631
562, 0.04082482904638631
574, 0.04082482904638631
634, 0.04082482904638631
1034, 0.04082482904638631
1233, 0.04082482904638631
1263, 0.04082482904638631
1309, 0.04082482904638631
1311, 0.04082482904638631
1365, 0.04082482904638631
1839, 0.04082482904638631
2269, 0.04082482904638631
2880, 0.04082482904638631
2884, 0.04082482904638631
3554, 0.04082482904638631
3880, 0.04082482904638631
4193, 0.04082482904638631
4373, 0.04082482904638631
4435, 0.04082482904638631
4485, 0.04082482904638631
4546, 0.04082482904638631
4580, 0.04082482904638631
4619, 0.04082482904638631
4787, 0.04082482904638631
5126, 0.04082482904638631
5290, 0.04082482904638631
8765, 0.04082482904638631
8851, 0.04082482904638631
8873, 0.04082482904638631
8925, 0.04082482904638631
8935, 0.04082482904638631
9021, 0.04082482904638631
1372, 0.04082482904638631
1806, 0.04082482904638631
2995, 0.04082482904638631
5771, 0.04082482904638631
6063, 0.04082482904638631
204, 0.04082482904638631
474, 0.04082482904638631
597, 0.04082482904638631
603, 0.04082482904638631
962, 0.04082482904638631
1380, 0.04082482904638631
1414, 0.04082482904638631
1416, 0.04082482904638631
1443, 0.04082482904638631
1497, 0.04082482904638631
1527, 0.04082482904638631
1536, 0.04082482904638631
1661, 0.04082482904638631
1854, 0.04082482904638631
2935, 0.04082482904638631
3112, 0.04082482904638631
3147, 0.04082482904638631
3258, 0.04082482904638631
3896, 0.04082482904638631
4050, 0.04082482904638631
4273, 0.04082482904638631
4281, 0.04082482904638631
4335, 0.04082482904638631
4390, 0.04082482904638631
4516, 0.04082482904638631
4944, 0.04082482904638631
4995, 0.04082482904638631
5032, 0.04082482904638631
5128, 0.04082482904638631
8952, 0.04082482904638631
9099, 0.04082482904638631
9126, 0.04082482904638631
341, 0.04082482904638631
518, 0.04082482904638631
519, 0.04082482904638631
575, 0.04082482904638631
1167, 0.04082482904638631
1205, 0.04082482904638631
1336, 0.04082482904638631
1389, 0.04082482904638631
1403, 0.04082482904638631
1409, 0.04082482904638631
2875, 0.04082482904638631
4204, 0.04082482904638631
4205, 0.04082482904638631
4211, 0.04082482904638631
4240, 0.04082482904638631
4286, 0.04082482904638631
6001, 0.04082482904638631
8777, 0.04082482904638631
567, 0.04082482904638631
1840, 0.04082482904638631
4296, 0.04082482904638631
4694, 0.04082482904638631
9006, 0.04082482904638631
9047, 0.04082482904638631
9159, 0.04082482904638631
192, 0.04082482904638631
211, 0.04082482904638631
457, 0.04082482904638631
469, 0.04082482904638631
552, 0.04082482904638631
590, 0.04082482904638631
596, 0.04082482904638631
705, 0.04082482904638631
722, 0.04082482904638631
905, 0.04082482904638631
1265, 0.04082482904638631
1523, 0.04082482904638631
1559, 0.04082482904638631
1684, 0.04082482904638631
1793, 0.04082482904638631
1813, 0.04082482904638631
2881, 0.04082482904638631
2888, 0.04082482904638631
2890, 0.04082482904638631
3148, 0.04082482904638631
3151, 0.04082482904638631
4455, 0.04082482904638631
4592, 0.04082482904638631
8758, 0.04082482904638631
9033, 0.04082482904638631
8, 0.03674234614174768
1198, 0.03674234614174768
1293, 0.03674234614174768
1478, 0.03674234614174768
1531, 0.03674234614174768
1609, 0.03674234614174768
2200, 0.03674234614174768
2882, 0.03674234614174768
3500, 0.03674234614174768
3846, 0.03674234614174768
3879, 0.03674234614174768
4342, 0.03674234614174768
4457, 0.03674234614174768
4495, 0.03674234614174768
4538, 0.03674234614174768
4582, 0.03674234614174768
4607, 0.03674234614174768
4703, 0.03674234614174768
4715, 0.03674234614174768
8883, 0.03674234614174768
493, 0.03674234614174768
216, 0.03674234614174768
985, 0.03674234614174768
1023, 0.03674234614174768
1054, 0.03674234614174768
1312, 0.03674234614174768
1354, 0.03674234614174768
1483, 0.03674234614174768
1499, 0.03674234614174768
1809, 0.03674234614174768
1853, 0.03674234614174768
3099, 0.03674234614174768
4061, 0.03674234614174768
4151, 0.03674234614174768
4222, 0.03674234614174768
4236, 0.03674234614174768
4280, 0.03674234614174768
4330, 0.03674234614174768
4382, 0.03674234614174768
4389, 0.03674234614174768
4496, 0.03674234614174768
4509, 0.03674234614174768
4565, 0.03674234614174768
4574, 0.03674234614174768
4608, 0.03674234614174768
4635, 0.03674234614174768
4640, 0.03674234614174768
4778, 0.03674234614174768
8920, 0.03674234614174768
9076, 0.03674234614174768
1203, 0.03674234614174768
1223, 0.03674234614174768
1256, 0.03674234614174768
1470, 0.03674234614174768
1640, 0.03674234614174768
3103, 0.03674234614174768
4107, 0.03674234614174768
4636, 0.03674234614174768
8991, 0.03674234614174768
9155, 0.03674234614174768
638, 0.03674234614174768
898, 0.03674234614174768
9142, 0.03674234614174768
196, 0.03674234614174768
604, 0.03674234614174768
1214, 0.03674234614174768
1448, 0.03674234614174768
2327, 0.03674234614174768
2872, 0.03674234614174768
3546, 0.03674234614174768
4041, 0.03674234614174768
4741, 0.03674234614174768
4759, 0.03674234614174768
8757, 0.03674234614174768
8875, 0.03674234614174768
584, 0.032659863237109045
1178, 0.032659863237109045
1491, 0.032659863237109045
3108, 0.032659863237109045
4035, 0.032659863237109045
4213, 0.032659863237109045
4314, 0.032659863237109045
4569, 0.032659863237109045
4710, 0.032659863237109045
5091, 0.032659863237109045
8903, 0.032659863237109045
652, 0.032659863237109045
602, 0.032659863237109045
1006, 0.032659863237109045
2936, 0.032659863237109045
3188, 0.032659863237109045
3486, 0.032659863237109045
3821, 0.032659863237109045
3834, 0.032659863237109045
4287, 0.032659863237109045
4567, 0.032659863237109045
4588, 0.032659863237109045
4624, 0.032659863237109045
4633, 0.032659863237109045
4711, 0.032659863237109045
4765, 0.032659863237109045
478, 0.032659863237109045
1058, 0.032659863237109045
1193, 0.032659863237109045
1686, 0.032659863237109045
4300, 0.032659863237109045
4374, 0.032659863237109045
8930, 0.032659863237109045
1191, 0.032659863237109045
572, 0.032659863237109045
598, 0.032659863237109045
605, 0.032659863237109045
1625, 0.032659863237109045
1810, 0.032659863237109045
3661, 0.032659863237109045
4534, 0.032659863237109045
4724, 0.032659863237109045
1838, 0.02857738033247042
4621, 0.02857738033247042
1067, 0.02857738033247042
8969, 0.02857738033247042
1364, 0.02857738033247042
