4408, 0.33486315612998296
923, 0.23671361036774657
965, 0.23671361036774657
3767, 0.23671361036774657
1241, 0.21939310229205783
1245, 0.21361959960016158
2873, 0.20784609690826533
1200, 0.20207259421636906
3680, 0.20207259421636903
9121, 0.1962990915244728
1280, 0.19629909152447278
1228, 0.19052558883257653
1262, 0.19052558883257653
3768, 0.19052558883257653
3674, 0.19052558883257653
4875, 0.18475208614068028
9039, 0.17897858344878403
2891, 0.17320508075688776
2892, 0.17320508075688776
9096, 0.17320508075688776
1235, 0.16743157806499148
3246, 0.16743157806499148
8859, 0.16743157806499148
2874, 0.16165807537309523
3251, 0.16165807537309523
8777, 0.16165807537309523
211, 0.15588457268119899
4637, 0.15588457268119899
9038, 0.15588457268119899
206, 0.15011106998930274
218, 0.15011106998930274
1209, 0.15011106998930274
2324, 0.15011106998930274
2890, 0.15011106998930274
3248, 0.15011106998930274
8827, 0.15011106998930274
9050, 0.15011106998930274
1213, 0.14433756729740646
4696, 0.14433756729740646
24, 0.13856406460551018
1269, 0.13856406460551018
1297, 0.13856406460551018
1223, 0.13279056191361396
1844, 0.13279056191361396
4193, 0.13279056191361396
8851, 0.13279056191361396
8931, 0.13279056191361396
4198, 0.13279056191361394
1272, 0.1270170592217177
4672, 0.1270170592217177
1226, 0.12124355652982143
1279, 0.12124355652982143
1298, 0.12124355652982143
1469, 0.12124355652982143
8886, 0.12124355652982143
4764, 0.12124355652982141
8825, 0.12124355652982141
176, 0.11547005383792518
198, 0.11547005383792518
204, 0.11547005383792518
1222, 0.11547005383792518
1232, 0.11547005383792518
2881, 0.11547005383792518
3244, 0.11547005383792518
8732, 0.11547005383792518
8899, 0.11547005383792518
1127, 0.10969655114602891
1684, 0.10969655114602891
2872, 0.10969655114602891
2893, 0.10969655114602891
8898, 0.10969655114602891
3907, 0.10969655114602891
171, 0.10392304845413265
3252, 0.10392304845413265
3860, 0.10392304845413265
4610, 0.10392304845413265
4688, 0.10392304845413265
8737, 0.10392304845413265
8750, 0.10392304845413265
8845, 0.10392304845413265
8862, 0.10392304845413265
192, 0.0981495457622364
1005, 0.0981495457622364
1293, 0.0981495457622364
1295, 0.0981495457622364
8731, 0.0981495457622364
8826, 0.0981495457622364
8831, 0.0981495457622364
8900, 0.0981495457622364
8917, 0.0981495457622364
5136, 0.0981495457622364
197, 0.09237604307034014
1095, 0.09237604307034014
1205, 0.09237604307034014
1229, 0.09237604307034014
1243, 0.09237604307034014
2351, 0.09237604307034014
2876, 0.09237604307034014
3245, 0.09237604307034014
3652, 0.09237604307034014
8818, 0.09237604307034014
5743, 0.09237604307034014
8821, 0.09237604307034014
8979, 0.09237604307034014
166, 0.08660254037844388
170, 0.08660254037844388
179, 0.08660254037844388
194, 0.08660254037844388
586, 0.08660254037844388
1251, 0.08660254037844388
1289, 0.08660254037844388
2878, 0.08660254037844388
3132, 0.08660254037844388
8752, 0.08660254037844388
8832, 0.08660254037844388
8884, 0.08660254037844388
8919, 0.08660254037844388
9137, 0.08660254037844388
190, 0.08660254037844388
631, 0.08660254037844388
991, 0.08660254037844388
1551, 0.08660254037844388
8837, 0.08660254037844388
9086, 0.08660254037844388
173, 0.08082903768654763
546, 0.08082903768654763
1020, 0.08082903768654763
1263, 0.08082903768654763
1266, 0.08082903768654763
1287, 0.08082903768654763
1291, 0.08082903768654763
1294, 0.08082903768654763
1542, 0.08082903768654763
3591, 0.08082903768654763
4767, 0.08082903768654763
8760, 0.08082903768654763
8762, 0.08082903768654763
8802, 0.08082903768654763
9081, 0.08082903768654763
181, 0.08082903768654763
1185, 0.08082903768654763
1342, 0.08082903768654763
1467, 0.08082903768654763
4178, 0.08082903768654763
8789, 0.08082903768654763
1244, 0.07505553499465137
1284, 0.07505553499465137
1299, 0.07505553499465137
2875, 0.07505553499465137
2884, 0.07505553499465137
3592, 0.07505553499465137
8873, 0.07505553499465137
8909, 0.07505553499465137
8925, 0.07505553499465137
9130, 0.07505553499465137
9132, 0.07505553499465137
9151, 0.07505553499465137
9159, 0.07505553499465137
1286, 0.07505553499465137
2857, 0.07505553499465137
3308, 0.07505553499465137
3341, 0.07505553499465137
3369, 0.07505553499465137
5137, 0.07505553499465137
8949, 0.07505553499465137
9260, 0.07505553499465137
1246, 0.06928203230275509
1250, 0.06928203230275509
1565, 0.06928203230275509
2290, 0.06928203230275509
2888, 0.06928203230275509
3130, 0.06928203230275509
3138, 0.06928203230275509
3247, 0.06928203230275509
3659, 0.06928203230275509
8769, 0.06928203230275509
8861, 0.06928203230275509
8885, 0.06928203230275509
8920, 0.06928203230275509
9056, 0.06928203230275509
9057, 0.06928203230275509
9111, 0.06928203230275509
9156, 0.06928203230275509
21, 0.06928203230275509
880, 0.06928203230275509
985, 0.06928203230275509
1053, 0.06928203230275509
1224, 0.06928203230275509
1432, 0.06928203230275509
2371, 0.06928203230275509
3124, 0.06928203230275509
3566, 0.06928203230275509
5140, 0.06928203230275509
6042, 0.06928203230275509
8814, 0.06928203230275509
9161, 0.06928203230275509
578, 0.06350852961085884
1210, 0.06350852961085884
1274, 0.06350852961085884
1278, 0.06350852961085884
1643, 0.06350852961085884
3249, 0.06350852961085884
9186, 0.06350852961085884
22, 0.06350852961085884
986, 0.06350852961085884
1066, 0.06350852961085884
1343, 0.06350852961085884
1578, 0.06350852961085884
3494, 0.06350852961085884
3817, 0.06350852961085884
4171, 0.06350852961085884
4407, 0.06350852961085884
4569, 0.06350852961085884
4614, 0.06350852961085884
4768, 0.06350852961085884
5316, 0.06350852961085884
8820, 0.06350852961085884
8838, 0.06350852961085884
8994, 0.06350852961085884
9008, 0.06350852961085884
9066, 0.06350852961085884
207, 0.05773502691896259
217, 0.05773502691896259
905, 0.05773502691896259
1242, 0.05773502691896259
2880, 0.05773502691896259
3457, 0.05773502691896259
4335, 0.05773502691896259
5990, 0.05773502691896259
8765, 0.05773502691896259
8766, 0.05773502691896259
8792, 0.05773502691896259
9006, 0.05773502691896259
9047, 0.05773502691896259
9184, 0.05773502691896259
23, 0.05773502691896259
182, 0.05773502691896259
645, 0.05773502691896259
2214, 0.05773502691896259
3377, 0.05773502691896259
4031, 0.05773502691896259
4581, 0.05773502691896259
4589, 0.05773502691896259
4995, 0.05773502691896259
8811, 0.05773502691896259
8842, 0.05773502691896259
8970, 0.05773502691896259
1256, 0.051961524227066326
2208, 0.051961524227066326
8783, 0.051961524227066326
8883, 0.051961524227066326
8937, 0.051961524227066326
9127, 0.051961524227066326
14, 0.051961524227066326
569, 0.051961524227066326
628, 0.051961524227066326
636, 0.051961524227066326
1188, 0.051961524227066326
1254, 0.051961524227066326
1448, 0.051961524227066326
1470, 0.051961524227066326
1483, 0.051961524227066326
2200, 0.051961524227066326
2354, 0.051961524227066326
2362, 0.051961524227066326
3082, 0.051961524227066326
3500, 0.051961524227066326
3532, 0.051961524227066326
4583, 0.051961524227066326
4616, 0.051961524227066326
4708, 0.051961524227066326
8746, 0.051961524227066326
8830, 0.051961524227066326
8901, 0.051961524227066326
8912, 0.051961524227066326
8973, 0.051961524227066326
4701, 0.04618802153517007
8823, 0.04618802153517007
9049, 0.04618802153517007
608, 0.04618802153517007
903, 0.04618802153517007
1321, 0.04618802153517007
1491, 0.04618802153517007
1661, 0.04618802153517007
1848, 0.04618802153517007
2323, 0.04618802153517007
3486, 0.04618802153517007
4213, 0.04618802153517007
4567, 0.04618802153517007
4723, 0.04618802153517007
4724, 0.04618802153517007
8891, 0.04618802153517007
603, 0.040414518843273815
1364, 0.040414518843273815
1319, 0.034641016151377546
