647, 0.22999999999999998
3595, 0.21500000000000002
586, 0.195
2365, 0.16499999999999998
3132, 0.16
3792, 0.16
2869, 0.16
1546, 0.15
3652, 0.15
4775, 0.14500000000000002
3599, 0.14
4353, 0.135
4607, 0.135
1555, 0.13
1292, 0.13
2882, 0.125
3117, 0.125
467, 0.125
550, 0.125
704, 0.12
1379, 0.12
4192, 0.12
8836, 0.12
2264, 0.12
3898, 0.12
555, 0.115
2875, 0.115
9091, 0.115
1398, 0.11000000000000001
535, 0.11000000000000001
1016, 0.11
4099, 0.11
1235, 0.11
1243, 0.11
3442, 0.11
4605, 0.11
431, 0.105
3138, 0.105
1574, 0.105
3591, 0.105
1611, 0.105
3884, 0.105
1005, 0.1
1545, 0.1
3459, 0.1
3592, 0.1
4082, 0.1
1240, 0.1
1299, 0.1
1766, 0.1
2218, 0.095
3133, 0.095
207, 0.095
2223, 0.09
4751, 0.09
575, 0.09
877, 0.09
9037, 0.09
4094, 0.09
8873, 0.09
1434, 0.085
1435, 0.085
1552, 0.085
1563, 0.085
4113, 0.085
208, 0.085
1020, 0.085
2879, 0.085
3247, 0.085
8842, 0.085
8897, 0.085
9056, 0.085
1024, 0.085
4060, 0.085
525, 0.08
3889, 0.08
4750, 0.08
558, 0.08
889, 0.08
3249, 0.08
3250, 0.08
3335, 0.08
8932, 0.08
9186, 0.08
3115, 0.08
2335, 0.075
2352, 0.075
4597, 0.075
4759, 0.075
24, 0.075
1284, 0.075
1622, 0.075
8931, 0.075
458, 0.075
689, 0.075
1306, 0.075
1461, 0.075
2321, 0.075
2896, 0.075
3660, 0.075
4268, 0.075
4506, 0.075
8919, 0.075
8937, 0.075
439, 0.07
1561, 0.07
2220, 0.07
3114, 0.07
3139, 0.07
4570, 0.07
4618, 0.07
1293, 0.07
1466, 0.07
47, 0.07
1272, 0.07
1471, 0.07
2221, 0.07
8752, 0.07
8780, 0.07
9155, 0.07
337, 0.065
543, 0.065
584, 0.065
1028, 0.065
1312, 0.065
1549, 0.065
1566, 0.065
3145, 0.065
1244, 0.065
2890, 0.065
4335, 0.065
4592, 0.065
8925, 0.065
1580, 0.065
3588, 0.065
3883, 0.065
9105, 0.065
479, 0.06
1053, 0.06
1553, 0.06
2883, 0.06
3121, 0.06
3482, 0.06
4086, 0.06
4606, 0.06
4950, 0.06
1577, 0.06
1845, 0.06
3350, 0.06
4300, 0.06
9006, 0.06
1627, 0.06
2938, 0.06
3118, 0.06
3433, 0.06
4596, 0.06
4749, 0.06
527, 0.055
1001, 0.055
1547, 0.055
1560, 0.055
1718, 0.055
3149, 0.055
4280, 0.055
4391, 0.055
546, 0.055
582, 0.055
1216, 0.055
2892, 0.055
2893, 0.055
8771, 0.055
190, 0.055
524, 0.055
536, 0.055
1401, 0.055
1402, 0.055
1438, 0.055
2978, 0.055
3296, 0.055
3508, 0.055
4340, 0.055
7, 0.05
476, 0.05
1183, 0.05
1266, 0.05
1344, 0.05
1581, 0.05
3259, 0.05
3903, 0.05
1221, 0.05
1225, 0.05
1262, 0.05
2877, 0.05
3457, 0.05
8750, 0.05
8811, 0.05
1443, 0.05
1503, 0.05
1559, 0.05
2884, 0.05
4117, 0.05
8862, 0.05
9057, 0.05
1214, 0.045
1338, 0.045
4685, 0.045
618, 0.045
1287, 0.045
8808, 0.045
212, 0.045
463, 0.045
1035, 0.045
1251, 0.045
1721, 0.045
2279, 0.045
2325, 0.045
2885, 0.045
3428, 0.045
3601, 0.045
4107, 0.045
4495, 0.045
8912, 0.045
9123, 0.045
1556, 0.04
4632, 0.04
572, 0.04
1475, 0.04
3188, 0.04
4374, 0.04
