1242, 0.1674315780649915
1231, 0.15011106998930274
8851, 0.13279056191361396
8875, 0.13279056191361396
4300, 0.12124355652982144
4675, 0.12124355652982143
877, 0.11547005383792518
1456, 0.11547005383792518
2875, 0.11547005383792518
4250, 0.11547005383792518
8798, 0.11547005383792518
8873, 0.11547005383792518
176, 0.11547005383792518
4671, 0.11547005383792518
4673, 0.11547005383792518
459, 0.10969655114602891
1466, 0.10969655114602891
4268, 0.10969655114602891
540, 0.10969655114602891
8885, 0.10392304845413265
173, 0.10392304845413265
1022, 0.0981495457622364
1024, 0.0981495457622364
4192, 0.0981495457622364
1656, 0.0981495457622364
1268, 0.09237604307034014
1408, 0.09237604307034014
3253, 0.09237604307034014
2879, 0.09237604307034014
4689, 0.09237604307034014
563, 0.08660254037844388
3251, 0.08660254037844388
166, 0.08660254037844388
172, 0.08660254037844388
4952, 0.08660254037844388
8825, 0.08660254037844388
530, 0.08082903768654763
1023, 0.08082903768654763
1243, 0.08082903768654763
1264, 0.08082903768654763
1272, 0.08082903768654763
1457, 0.08082903768654763
1643, 0.08082903768654763
2869, 0.08082903768654763
3591, 0.08082903768654763
8771, 0.08082903768654763
9091, 0.08082903768654763
207, 0.07505553499465137
463, 0.07505553499465137
472, 0.07505553499465137
1297, 0.07505553499465137
4274, 0.07505553499465137
4385, 0.07505553499465137
4389, 0.07505553499465137
8887, 0.07505553499465137
8777, 0.07505553499465137
521, 0.06928203230275509
1025, 0.06928203230275509
1246, 0.06928203230275509
1298, 0.06928203230275509
1326, 0.06928203230275509
1622, 0.06928203230275509
3247, 0.06928203230275509
4331, 0.06928203230275509
4380, 0.06928203230275509
2290, 0.06928203230275509
3250, 0.06928203230275509
4757, 0.06928203230275509
4764, 0.06928203230275509
8884, 0.06928203230275509
524, 0.06350852961085884
558, 0.06350852961085884
1226, 0.06350852961085884
1227, 0.06350852961085884
1419, 0.06350852961085884
1438, 0.06350852961085884
2893, 0.06350852961085884
3249, 0.06350852961085884
3296, 0.06350852961085884
3527, 0.06350852961085884
4341, 0.06350852961085884
8910, 0.06350852961085884
1216, 0.06350852961085884
9037, 0.06350852961085884
562, 0.05773502691896259
1240, 0.05773502691896259
1284, 0.05773502691896259
1589, 0.05773502691896259
2877, 0.05773502691896259
2880, 0.05773502691896259
4335, 0.05773502691896259
8897, 0.05773502691896259
165, 0.05773502691896259
575, 0.05773502691896259
1221, 0.05773502691896259
2884, 0.05773502691896259
2890, 0.05773502691896259
8752, 0.05773502691896259
8765, 0.05773502691896259
8886, 0.05773502691896259
8925, 0.05773502691896259
8947, 0.05773502691896259
9130, 0.05773502691896259
9184, 0.05773502691896259
561, 0.051961524227066326
9166, 0.051961524227066326
569, 0.051961524227066326
1256, 0.051961524227066326
3136, 0.051961524227066326
4607, 0.051961524227066326
535, 0.04618802153517007
9176, 0.04618802153517007
572, 0.04618802153517007
1020, 0.04618802153517007
4743, 0.04618802153517007
8930, 0.04618802153517007
9049, 0.04618802153517007
1410, 0.040414518843273815
