627, 0.23678400846904057
4255, 0.20412414523193154
3785, 0.1837117307087384
4261, 0.1837117307087384
3710, 0.1837117307087384
3781, 0.16738179909018386
3890, 0.1592168332809066
449, 0.155134350376268
1646, 0.15513435037626797
9129, 0.15513435037626797
1988, 0.15513435037626797
2335, 0.15105186747162933
3568, 0.1469693845669907
9298, 0.1469693845669907
2367, 0.14288690166235207
2366, 0.13880441875771343
3483, 0.13880441875771343
1409, 0.13472193585307482
5066, 0.13472193585307482
3685, 0.13472193585307482
8769, 0.1347219358530748
908, 0.1306394529484362
13, 0.13063945294843618
480, 0.13063945294843618
1255, 0.13063945294843618
1328, 0.13063945294843618
4482, 0.13063945294843618
3664, 0.13063945294843618
1557, 0.12655697004379757
1020, 0.12655697004379754
3748, 0.12655697004379754
9061, 0.12655697004379754
9144, 0.12655697004379754
1334, 0.12247448713915893
1558, 0.12247448713915893
1213, 0.12247448713915891
1404, 0.12247448713915891
1615, 0.12247448713915891
1739, 0.12247448713915891
3907, 0.12247448713915891
8776, 0.12247448713915891
3725, 0.12247448713915891
185, 0.11839200423452029
1075, 0.11839200423452029
2894, 0.11839200423452029
3113, 0.11839200423452029
3153, 0.11839200423452029
9101, 0.11839200423452029
2853, 0.11839200423452029
8833, 0.11839200423452029
1471, 0.11430952132988167
1555, 0.11430952132988167
1630, 0.11430952132988167
2858, 0.11430952132988167
3244, 0.11430952132988167
3694, 0.11430952132988167
4386, 0.11430952132988166
1066, 0.11430952132988165
2203, 0.11430952132988165
8, 0.11022703842524303
25, 0.11022703842524303
1545, 0.11022703842524303
2364, 0.11022703842524303
2844, 0.11022703842524303
3124, 0.11022703842524303
3494, 0.11022703842524303
4562, 0.11022703842524303
2369, 0.11022703842524302
4380, 0.11022703842524302
21, 0.10614455552060441
919, 0.10614455552060441
1111, 0.10614455552060441
1188, 0.10614455552060441
1335, 0.10614455552060441
2225, 0.10614455552060441
3111, 0.10614455552060441
3251, 0.10614455552060441
3571, 0.10614455552060441
8862, 0.10614455552060441
3747, 0.10614455552060441
8869, 0.10614455552060441
211, 0.1061445555206044
593, 0.1061445555206044
611, 0.1061445555206044
1204, 0.1061445555206044
8955, 0.1061445555206044
181, 0.10206207261596578
467, 0.10206207261596578
3374, 0.10206207261596578
193, 0.10206207261596577
568, 0.10206207261596577
1406, 0.10206207261596577
1546, 0.10206207261596577
1550, 0.10206207261596577
2850, 0.10206207261596577
3852, 0.10206207261596577
4105, 0.10206207261596577
4596, 0.10206207261596577
4603, 0.10206207261596577
9057, 0.10206207261596577
4680, 0.10206207261596577
3666, 0.10206207261596577
523, 0.09797958971132714
1260, 0.09797958971132714
1364, 0.09797958971132714
4272, 0.09797958971132714
4276, 0.09797958971132714
4390, 0.09797958971132714
4493, 0.09797958971132714
4612, 0.09797958971132714
4684, 0.09797958971132714
9127, 0.09797958971132714
429, 0.09797958971132713
540, 0.09797958971132713
877, 0.09797958971132713
1024, 0.09797958971132713
1268, 0.09797958971132713
1520, 0.09797958971132713
1552, 0.09797958971132713
2352, 0.09797958971132713
3135, 0.09797958971132713
3185, 0.09797958971132713
3250, 0.09797958971132713
4237, 0.09797958971132713
4688, 0.09797958971132713
2270, 0.09797958971132713
2900, 0.09797958971132713
8915, 0.09797958971132713
9143, 0.09797958971132713
551, 0.09389710680668852
1196, 0.09389710680668852
1232, 0.09389710680668852
1261, 0.09389710680668852
1283, 0.09389710680668852
1541, 0.09389710680668852
1548, 0.09389710680668852
1652, 0.09389710680668852
2221, 0.09389710680668852
2889, 0.09389710680668852
3119, 0.09389710680668852
3125, 0.09389710680668852
3139, 0.09389710680668852
3247, 0.09389710680668852
3518, 0.09389710680668852
4052, 0.09389710680668852
4614, 0.09389710680668852
4760, 0.09389710680668852
8885, 0.09389710680668852
8956, 0.09389710680668852
4622, 0.09389710680668852
4696, 0.09389710680668852
8914, 0.09389710680668852
1025, 0.0938971068066885
8891, 0.0938971068066885
1848, 0.08981462390204989
2340, 0.08981462390204989
4491, 0.08981462390204989
4534, 0.08981462390204989
8838, 0.08981462390204989
36, 0.08981462390204988
461, 0.08981462390204988
678, 0.08981462390204988
878, 0.08981462390204988
900, 0.08981462390204988
905, 0.08981462390204988
976, 0.08981462390204988
1113, 0.08981462390204988
1208, 0.08981462390204988
1211, 0.08981462390204988
1277, 0.08981462390204988
1506, 0.08981462390204988
1542, 0.08981462390204988
1543, 0.08981462390204988
1579, 0.08981462390204988
1624, 0.08981462390204988
1747, 0.08981462390204988
1788, 0.08981462390204988
2871, 0.08981462390204988
3121, 0.08981462390204988
3149, 0.08981462390204988
3526, 0.08981462390204988
4196, 0.08981462390204988
4270, 0.08981462390204988
4350, 0.08981462390204988
4385, 0.08981462390204988
4388, 0.08981462390204988
4687, 0.08981462390204988
8733, 0.08981462390204988
8832, 0.08981462390204988
9035, 0.08981462390204988
5677, 0.08981462390204988
3883, 0.08981462390204988
4575, 0.08981462390204988
212, 0.08573214099741125
1369, 0.08573214099741125
4279, 0.08573214099741125
4500, 0.08573214099741125
439, 0.08573214099741124
624, 0.08573214099741124
939, 0.08573214099741124
1257, 0.08573214099741124
1274, 0.08573214099741124
1401, 0.08573214099741124
1841, 0.08573214099741124
2217, 0.08573214099741124
2231, 0.08573214099741124
2870, 0.08573214099741124
2886, 0.08573214099741124
3133, 0.08573214099741124
3152, 0.08573214099741124
3253, 0.08573214099741124
3659, 0.08573214099741124
3885, 0.08573214099741124
4549, 0.08573214099741124
4570, 0.08573214099741124
4589, 0.08573214099741124
4618, 0.08573214099741124
8732, 0.08573214099741124
8899, 0.08573214099741124
4021, 0.08573214099741124
1220, 0.08573214099741124
530, 0.08164965809277262
544, 0.08164965809277262
649, 0.08164965809277262
918, 0.08164965809277262
1089, 0.08164965809277262
1224, 0.08164965809277262
1285, 0.08164965809277262
1291, 0.08164965809277262
1309, 0.08164965809277262
1313, 0.08164965809277262
1343, 0.08164965809277262
1365, 0.08164965809277262
1508, 0.08164965809277262
1559, 0.08164965809277262
1566, 0.08164965809277262
1587, 0.08164965809277262
1843, 0.08164965809277262
1847, 0.08164965809277262
2268, 0.08164965809277262
2334, 0.08164965809277262
2690, 0.08164965809277262
2877, 0.08164965809277262
3112, 0.08164965809277262
3120, 0.08164965809277262
3137, 0.08164965809277262
3146, 0.08164965809277262
3340, 0.08164965809277262
3377, 0.08164965809277262
3521, 0.08164965809277262
3561, 0.08164965809277262
4233, 0.08164965809277262
4335, 0.08164965809277262
4339, 0.08164965809277262
4546, 0.08164965809277262
8950, 0.08164965809277262
9131, 0.08164965809277262
9166, 0.08164965809277262
9178, 0.08164965809277262
3846, 0.08164965809277262
646, 0.08164965809277262
2115, 0.08164965809277262
8741, 0.08164965809277262
8754, 0.08164965809277262
9043, 0.08164965809277262
9272, 0.08164965809277262
1170, 0.08164965809277261
555, 0.07756717518813398
560, 0.07756717518813398
579, 0.07756717518813398
581, 0.07756717518813398
583, 0.07756717518813398
614, 0.07756717518813398
674, 0.07756717518813398
913, 0.07756717518813398
1206, 0.07756717518813398
1339, 0.07756717518813398
1340, 0.07756717518813398
1473, 0.07756717518813398
1514, 0.07756717518813398
1549, 0.07756717518813398
1551, 0.07756717518813398
1554, 0.07756717518813398
1560, 0.07756717518813398
2218, 0.07756717518813398
2229, 0.07756717518813398
2882, 0.07756717518813398
2895, 0.07756717518813398
3127, 0.07756717518813398
3129, 0.07756717518813398
3132, 0.07756717518813398
3134, 0.07756717518813398
3144, 0.07756717518813398
3245, 0.07756717518813398
3246, 0.07756717518813398
4114, 0.07756717518813398
4317, 0.07756717518813398
4351, 0.07756717518813398
4627, 0.07756717518813398
4718, 0.07756717518813398
8953, 0.07756717518813398
4669, 0.07756717518813398
4676, 0.07756717518813398
1282, 0.07756717518813398
1800, 0.07756717518813398
2956, 0.07756717518813398
2991, 0.07756717518813398
1, 0.07348469228349536
17, 0.07348469228349536
164, 0.07348469228349536
205, 0.07348469228349536
464, 0.07348469228349536
518, 0.07348469228349536
519, 0.07348469228349536
557, 0.07348469228349536
567, 0.07348469228349536
577, 0.07348469228349536
578, 0.07348469228349536
582, 0.07348469228349536
585, 0.07348469228349536
633, 0.07348469228349536
892, 0.07348469228349536
902, 0.07348469228349536
916, 0.07348469228349536
922, 0.07348469228349536
1031, 0.07348469228349536
1216, 0.07348469228349536
1223, 0.07348469228349536
1241, 0.07348469228349536
1266, 0.07348469228349536
1332, 0.07348469228349536
1345, 0.07348469228349536
1403, 0.07348469228349536
1547, 0.07348469228349536
1562, 0.07348469228349536
1563, 0.07348469228349536
1564, 0.07348469228349536
1744, 0.07348469228349536
1793, 0.07348469228349536
1794, 0.07348469228349536
2357, 0.07348469228349536
2362, 0.07348469228349536
2884, 0.07348469228349536
3114, 0.07348469228349536
3123, 0.07348469228349536
3130, 0.07348469228349536
3249, 0.07348469228349536
3302, 0.07348469228349536
3346, 0.07348469228349536
3516, 0.07348469228349536
3557, 0.07348469228349536
3569, 0.07348469228349536
4053, 0.07348469228349536
4126, 0.07348469228349536
4199, 0.07348469228349536
4349, 0.07348469228349536
4389, 0.07348469228349536
4598, 0.07348469228349536
4607, 0.07348469228349536
4608, 0.07348469228349536
8821, 0.07348469228349536
8846, 0.07348469228349536
8864, 0.07348469228349536
8893, 0.07348469228349536
8917, 0.07348469228349536
8926, 0.07348469228349536
9121, 0.07348469228349536
9184, 0.07348469228349536
554, 0.07348469228349536
948, 0.07348469228349536
2273, 0.07348469228349536
1247, 0.07348469228349536
1175, 0.07348469228349536
1746, 0.07348469228349536
3591, 0.07348469228349536
4188, 0.07348469228349536
4345, 0.07348469228349536
4520, 0.07348469228349536
4525, 0.07348469228349536
5632, 0.07348469228349536
8797, 0.07348469228349536
9135, 0.07348469228349536
9174, 0.07348469228349536
9253, 0.07348469228349536
20, 0.06940220937885673
175, 0.06940220937885673
423, 0.06940220937885673
462, 0.06940220937885673
569, 0.06940220937885673
573, 0.06940220937885673
622, 0.06940220937885673
647, 0.06940220937885673
655, 0.06940220937885673
907, 0.06940220937885673
1053, 0.06940220937885673
1097, 0.06940220937885673
1130, 0.06940220937885673
1265, 0.06940220937885673
1278, 0.06940220937885673
1402, 0.06940220937885673
1426, 0.06940220937885673
1553, 0.06940220937885673
1686, 0.06940220937885673
2251, 0.06940220937885673
2324, 0.06940220937885673
2325, 0.06940220937885673
2363, 0.06940220937885673
2874, 0.06940220937885673
2875, 0.06940220937885673
3145, 0.06940220937885673
3317, 0.06940220937885673
3458, 0.06940220937885673
3480, 0.06940220937885673
3566, 0.06940220937885673
3608, 0.06940220937885673
3816, 0.06940220937885673
4113, 0.06940220937885673
4194, 0.06940220937885673
4197, 0.06940220937885673
4257, 0.06940220937885673
4394, 0.06940220937885673
4489, 0.06940220937885673
4554, 0.06940220937885673
4579, 0.06940220937885673
4604, 0.06940220937885673
4630, 0.06940220937885673
8736, 0.06940220937885673
8775, 0.06940220937885673
8819, 0.06940220937885673
8994, 0.06940220937885673
9047, 0.06940220937885673
9122, 0.06940220937885673
9179, 0.06940220937885673
4556, 0.06940220937885673
6186, 0.06940220937885673
612, 0.06940220937885673
1435, 0.06940220937885673
2286, 0.06940220937885673
2990, 0.06940220937885673
3005, 0.06940220937885673
3201, 0.06940220937885673
3289, 0.06940220937885673
3578, 0.06940220937885673
4219, 0.06940220937885673
6038, 0.06940220937885673
8728, 0.06940220937885673
8878, 0.06940220937885673
8990, 0.06940220937885673
9027, 0.06940220937885673
9054, 0.06940220937885673
9168, 0.06940220937885673
10, 0.06531972647421809
40, 0.06531972647421809
432, 0.06531972647421809
521, 0.06531972647421809
525, 0.06531972647421809
558, 0.06531972647421809
575, 0.06531972647421809
580, 0.06531972647421809
630, 0.06531972647421809
637, 0.06531972647421809
880, 0.06531972647421809
920, 0.06531972647421809
1027, 0.06531972647421809
1029, 0.06531972647421809
1225, 0.06531972647421809
1250, 0.06531972647421809
1254, 0.06531972647421809
1271, 0.06531972647421809
1321, 0.06531972647421809
1447, 0.06531972647421809
1453, 0.06531972647421809
1574, 0.06531972647421809
1578, 0.06531972647421809
1802, 0.06531972647421809
1844, 0.06531972647421809
1846, 0.06531972647421809
3099, 0.06531972647421809
3117, 0.06531972647421809
3126, 0.06531972647421809
3136, 0.06531972647421809
3248, 0.06531972647421809
3252, 0.06531972647421809
3353, 0.06531972647421809
3375, 0.06531972647421809
3468, 0.06531972647421809
3559, 0.06531972647421809
3565, 0.06531972647421809
4041, 0.06531972647421809
4269, 0.06531972647421809
4274, 0.06531972647421809
4312, 0.06531972647421809
4367, 0.06531972647421809
4391, 0.06531972647421809
4484, 0.06531972647421809
4592, 0.06531972647421809
4600, 0.06531972647421809
4606, 0.06531972647421809
4611, 0.06531972647421809
4758, 0.06531972647421809
4768, 0.06531972647421809
6063, 0.06531972647421809
8811, 0.06531972647421809
8852, 0.06531972647421809
9140, 0.06531972647421809
9188, 0.06531972647421809
167, 0.06531972647421809
478, 0.06531972647421809
1312, 0.06531972647421809
1619, 0.06531972647421809
4709, 0.06531972647421809
5027, 0.06531972647421809
499, 0.06531972647421809
504, 0.06531972647421809
615, 0.06531972647421809
1235, 0.06531972647421809
1649, 0.06531972647421809
2201, 0.06531972647421809
2972, 0.06531972647421809
3189, 0.06531972647421809
3284, 0.06531972647421809
3345, 0.06531972647421809
3821, 0.06531972647421809
4067, 0.06531972647421809
4415, 0.06531972647421809
4429, 0.06531972647421809
4527, 0.06531972647421809
4572, 0.06531972647421809
190, 0.06123724356957946
213, 0.06123724356957946
218, 0.06123724356957946
537, 0.06123724356957946
562, 0.06123724356957946
563, 0.06123724356957946
570, 0.06123724356957946
572, 0.06123724356957946
891, 0.06123724356957946
906, 0.06123724356957946
910, 0.06123724356957946
977, 0.06123724356957946
1139, 0.06123724356957946
1249, 0.06123724356957946
1280, 0.06123724356957946
1284, 0.06123724356957946
1306, 0.06123724356957946
1330, 0.06123724356957946
1439, 0.06123724356957946
1556, 0.06123724356957946
1565, 0.06123724356957946
1623, 0.06123724356957946
1656, 0.06123724356957946
1665, 0.06123724356957946
1790, 0.06123724356957946
1849, 0.06123724356957946
1863, 0.06123724356957946
2265, 0.06123724356957946
2322, 0.06123724356957946
2323, 0.06123724356957946
2337, 0.06123724356957946
2339, 0.06123724356957946
2880, 0.06123724356957946
2986, 0.06123724356957946
3301, 0.06123724356957946
3350, 0.06123724356957946
3457, 0.06123724356957946
3510, 0.06123724356957946
3525, 0.06123724356957946
3540, 0.06123724356957946
3558, 0.06123724356957946
3867, 0.06123724356957946
3868, 0.06123724356957946
4275, 0.06123724356957946
4495, 0.06123724356957946
4528, 0.06123724356957946
4544, 0.06123724356957946
4567, 0.06123724356957946
4595, 0.06123724356957946
4597, 0.06123724356957946
4690, 0.06123724356957946
8826, 0.06123724356957946
8836, 0.06123724356957946
8912, 0.06123724356957946
9086, 0.06123724356957946
9118, 0.06123724356957946
9147, 0.06123724356957946
9180, 0.06123724356957946
1133, 0.06123724356957946
2119, 0.06123724356957946
206, 0.06123724356957946
586, 0.06123724356957946
945, 0.06123724356957946
993, 0.06123724356957946
1082, 0.06123724356957946
1222, 0.06123724356957946
1246, 0.06123724356957946
1304, 0.06123724356957946
1415, 0.06123724356957946
1484, 0.06123724356957946
1689, 0.06123724356957946
1807, 0.06123724356957946
2961, 0.06123724356957946
3522, 0.06123724356957946
3560, 0.06123724356957946
3892, 0.06123724356957946
4371, 0.06123724356957946
4448, 0.06123724356957946
4497, 0.06123724356957946
4539, 0.06123724356957946
6011, 0.06123724356957946
6018, 0.06123724356957946
6168, 0.06123724356957946
8782, 0.06123724356957946
9031, 0.06123724356957946
9037, 0.06123724356957946
9257, 0.06123724356957946
9289, 0.06123724356957946
621, 0.05715476066494084
671, 0.05715476066494084
675, 0.05715476066494084
720, 0.05715476066494084
903, 0.05715476066494084
917, 0.05715476066494084
1174, 0.05715476066494084
1230, 0.05715476066494084
1256, 0.05715476066494084
1263, 0.05715476066494084
1383, 0.05715476066494084
1397, 0.05715476066494084
1419, 0.05715476066494084
1448, 0.05715476066494084
1509, 0.05715476066494084
1640, 0.05715476066494084
1643, 0.05715476066494084
2359, 0.05715476066494084
2879, 0.05715476066494084
2883, 0.05715476066494084
2890, 0.05715476066494084
2999, 0.05715476066494084
3106, 0.05715476066494084
3138, 0.05715476066494084
3442, 0.05715476066494084
3534, 0.05715476066494084
3609, 0.05715476066494084
3897, 0.05715476066494084
4044, 0.05715476066494084
4064, 0.05715476066494084
4381, 0.05715476066494084
4384, 0.05715476066494084
4387, 0.05715476066494084
4392, 0.05715476066494084
4398, 0.05715476066494084
4545, 0.05715476066494084
4593, 0.05715476066494084
4667, 0.05715476066494084
4691, 0.05715476066494084
4739, 0.05715476066494084
8820, 0.05715476066494084
9096, 0.05715476066494084
9112, 0.05715476066494084
4678, 0.05715476066494084
6036, 0.05715476066494084
1796, 0.05715476066494084
443, 0.05715476066494084
482, 0.05715476066494084
492, 0.05715476066494084
613, 0.05715476066494084
1198, 0.05715476066494084
1467, 0.05715476066494084
1608, 0.05715476066494084
1626, 0.05715476066494084
1631, 0.05715476066494084
1687, 0.05715476066494084
1765, 0.05715476066494084
2104, 0.05715476066494084
2197, 0.05715476066494084
2204, 0.05715476066494084
2326, 0.05715476066494084
2997, 0.05715476066494084
3010, 0.05715476066494084
3259, 0.05715476066494084
3382, 0.05715476066494084
3487, 0.05715476066494084
3495, 0.05715476066494084
4278, 0.05715476066494084
4284, 0.05715476066494084
4372, 0.05715476066494084
4421, 0.05715476066494084
4422, 0.05715476066494084
4526, 0.05715476066494084
4535, 0.05715476066494084
4557, 0.05715476066494084
4559, 0.05715476066494084
5260, 0.05715476066494084
5767, 0.05715476066494084
8932, 0.05715476066494084
9145, 0.05715476066494084
9256, 0.05715476066494084
9287, 0.05715476066494084
7, 0.053072277760302204
161, 0.053072277760302204
172, 0.053072277760302204
468, 0.053072277760302204
565, 0.053072277760302204
642, 0.053072277760302204
643, 0.053072277760302204
1132, 0.053072277760302204
1205, 0.053072277760302204
1207, 0.053072277760302204
1221, 0.053072277760302204
1233, 0.053072277760302204
1244, 0.053072277760302204
1336, 0.053072277760302204
1344, 0.053072277760302204
1452, 0.053072277760302204
1504, 0.053072277760302204
1519, 0.053072277760302204
1523, 0.053072277760302204
1633, 0.053072277760302204
1812, 0.053072277760302204
2210, 0.053072277760302204
2885, 0.053072277760302204
2887, 0.053072277760302204
2971, 0.053072277760302204
3376, 0.053072277760302204
3539, 0.053072277760302204
3592, 0.053072277760302204
3814, 0.053072277760302204
3870, 0.053072277760302204
3895, 0.053072277760302204
3903, 0.053072277760302204
4170, 0.053072277760302204
4244, 0.053072277760302204
4273, 0.053072277760302204
4348, 0.053072277760302204
4485, 0.053072277760302204
4543, 0.053072277760302204
4568, 0.053072277760302204
4581, 0.053072277760302204
4594, 0.053072277760302204
4609, 0.053072277760302204
4619, 0.053072277760302204
4629, 0.053072277760302204
8750, 0.053072277760302204
9064, 0.053072277760302204
9176, 0.053072277760302204
1614, 0.053072277760302204
1752, 0.053072277760302204
1834, 0.053072277760302204
4681, 0.053072277760302204
4726, 0.053072277760302204
6182, 0.053072277760302204
3297, 0.053072277760302204
442, 0.053072277760302204
503, 0.053072277760302204
1008, 0.053072277760302204
1297, 0.053072277760302204
1302, 0.053072277760302204
1303, 0.053072277760302204
1337, 0.053072277760302204
1478, 0.053072277760302204
1498, 0.053072277760302204
1536, 0.053072277760302204
1668, 0.053072277760302204
2209, 0.053072277760302204
2904, 0.053072277760302204
2950, 0.053072277760302204
2973, 0.053072277760302204
2985, 0.053072277760302204
3148, 0.053072277760302204
3260, 0.053072277760302204
4020, 0.053072277760302204
4155, 0.053072277760302204
4248, 0.053072277760302204
4428, 0.053072277760302204
4456, 0.053072277760302204
4466, 0.053072277760302204
4555, 0.053072277760302204
4578, 0.053072277760302204
4617, 0.053072277760302204
4724, 0.053072277760302204
8798, 0.053072277760302204
9011, 0.053072277760302204
9154, 0.053072277760302204
9258, 0.053072277760302204
9, 0.048989794855663564
11, 0.048989794855663564
23, 0.048989794855663564
162, 0.048989794855663564
477, 0.048989794855663564
479, 0.048989794855663564
605, 0.048989794855663564
631, 0.048989794855663564
888, 0.048989794855663564
901, 0.048989794855663564
911, 0.048989794855663564
1073, 0.048989794855663564
1202, 0.048989794855663564
1341, 0.048989794855663564
1465, 0.048989794855663564
1567, 0.048989794855663564
1638, 0.048989794855663564
1641, 0.048989794855663564
1669, 0.048989794855663564
1741, 0.048989794855663564
1853, 0.048989794855663564
1856, 0.048989794855663564
2206, 0.048989794855663564
2208, 0.048989794855663564
2274, 0.048989794855663564
2277, 0.048989794855663564
2338, 0.048989794855663564
2365, 0.048989794855663564
2868, 0.048989794855663564
3118, 0.048989794855663564
3529, 0.048989794855663564
3598, 0.048989794855663564
3652, 0.048989794855663564
3858, 0.048989794855663564
4063, 0.048989794855663564
4091, 0.048989794855663564
4107, 0.048989794855663564
4123, 0.048989794855663564
4192, 0.048989794855663564
4305, 0.048989794855663564
4306, 0.048989794855663564
4336, 0.048989794855663564
4490, 0.048989794855663564
4533, 0.048989794855663564
4757, 0.048989794855663564
4759, 0.048989794855663564
8783, 0.048989794855663564
8825, 0.048989794855663564
9056, 0.048989794855663564
9087, 0.048989794855663564
1179, 0.048989794855663564
1748, 0.048989794855663564
2094, 0.048989794855663564
4717, 0.048989794855663564
4910, 0.048989794855663564
5014, 0.048989794855663564
5547, 0.048989794855663564
6037, 0.048989794855663564
198, 0.048989794855663564
971, 0.048989794855663564
1190, 0.048989794855663564
1292, 0.048989794855663564
1389, 0.048989794855663564
1468, 0.048989794855663564
1728, 0.048989794855663564
2117, 0.048989794855663564
2230, 0.048989794855663564
2901, 0.048989794855663564
2938, 0.048989794855663564
3617, 0.048989794855663564
4328, 0.048989794855663564
4344, 0.048989794855663564
4432, 0.048989794855663564
4436, 0.048989794855663564
4523, 0.048989794855663564
4537, 0.048989794855663564
4577, 0.048989794855663564
5127, 0.048989794855663564
8795, 0.048989794855663564
8875, 0.048989794855663564
8954, 0.048989794855663564
9083, 0.048989794855663564
9136, 0.048989794855663564
9288, 0.048989794855663564
14, 0.04490731195102494
166, 0.04490731195102494
496, 0.04490731195102494
909, 0.04490731195102494
1140, 0.04490731195102494
1173, 0.04490731195102494
1236, 0.04490731195102494
1259, 0.04490731195102494
1378, 0.04490731195102494
1625, 0.04490731195102494
1857, 0.04490731195102494
2272, 0.04490731195102494
2275, 0.04490731195102494
2327, 0.04490731195102494
3116, 0.04490731195102494
3140, 0.04490731195102494
3141, 0.04490731195102494
3142, 0.04490731195102494
3573, 0.04490731195102494
4051, 0.04490731195102494
4094, 0.04490731195102494
4110, 0.04490731195102494
4178, 0.04490731195102494
4280, 0.04490731195102494
4341, 0.04490731195102494
4472, 0.04490731195102494
4510, 0.04490731195102494
4587, 0.04490731195102494
4624, 0.04490731195102494
6015, 0.04490731195102494
8789, 0.04490731195102494
8793, 0.04490731195102494
9186, 0.04490731195102494
9367, 0.04490731195102494
950, 0.04490731195102494
951, 0.04490731195102494
952, 0.04490731195102494
954, 0.04490731195102494
975, 0.04490731195102494
1438, 0.04490731195102494
1521, 0.04490731195102494
3603, 0.04490731195102494
4514, 0.04490731195102494
4710, 0.04490731195102494
5020, 0.04490731195102494
5820, 0.04490731195102494
6043, 0.04490731195102494
4529, 0.04490731195102494
473, 0.04490731195102494
487, 0.04490731195102494
490, 0.04490731195102494
495, 0.04490731195102494
506, 0.04490731195102494
876, 0.04490731195102494
1057, 0.04490731195102494
1059, 0.04490731195102494
1171, 0.04490731195102494
1189, 0.04490731195102494
1192, 0.04490731195102494
1210, 0.04490731195102494
1245, 0.04490731195102494
1272, 0.04490731195102494
1294, 0.04490731195102494
1307, 0.04490731195102494
1400, 0.04490731195102494
1449, 0.04490731195102494
1450, 0.04490731195102494
1482, 0.04490731195102494
1670, 0.04490731195102494
2333, 0.04490731195102494
2892, 0.04490731195102494
2893, 0.04490731195102494
2960, 0.04490731195102494
3309, 0.04490731195102494
3485, 0.04490731195102494
3496, 0.04490731195102494
3562, 0.04490731195102494
3647, 0.04490731195102494
4069, 0.04490731195102494
4177, 0.04490731195102494
4200, 0.04490731195102494
4354, 0.04490731195102494
4478, 0.04490731195102494
4481, 0.04490731195102494
4517, 0.04490731195102494
4689, 0.04490731195102494
4693, 0.04490731195102494
4707, 0.04490731195102494
4727, 0.04490731195102494
5132, 0.04490731195102494
5955, 0.04490731195102494
6000, 0.04490731195102494
6003, 0.04490731195102494
6099, 0.04490731195102494
8958, 0.04490731195102494
8999, 0.04490731195102494
9002, 0.04490731195102494
9025, 0.04490731195102494
12, 0.04082482904638631
194, 0.04082482904638631
337, 0.04082482904638631
474, 0.04082482904638631
501, 0.04082482904638631
529, 0.04082482904638631
597, 0.04082482904638631
640, 0.04082482904638631
645, 0.04082482904638631
669, 0.04082482904638631
700, 0.04082482904638631
885, 0.04082482904638631
887, 0.04082482904638631
1218, 0.04082482904638631
1240, 0.04082482904638631
1258, 0.04082482904638631
1289, 0.04082482904638631
1395, 0.04082482904638631
1414, 0.04082482904638631
1488, 0.04082482904638631
1516, 0.04082482904638631
1561, 0.04082482904638631
1666, 0.04082482904638631
1805, 0.04082482904638631
1813, 0.04082482904638631
2320, 0.04082482904638631
2692, 0.04082482904638631
2888, 0.04082482904638631
3151, 0.04082482904638631
3337, 0.04082482904638631
3567, 0.04082482904638631
3900, 0.04082482904638631
4075, 0.04082482904638631
4492, 0.04082482904638631
4512, 0.04082482904638631
4641, 0.04082482904638631
4743, 0.04082482904638631
4744, 0.04082482904638631
5317, 0.04082482904638631
8829, 0.04082482904638631
9006, 0.04082482904638631
556, 0.04082482904638631
1310, 0.04082482904638631
1311, 0.04082482904638631
1804, 0.04082482904638631
3344, 0.04082482904638631
3476, 0.04082482904638631
4540, 0.04082482904638631
4944, 0.04082482904638631
5011, 0.04082482904638631
6114, 0.04082482904638631
4756, 0.04082482904638631
207, 0.04082482904638631
517, 0.04082482904638631
599, 0.04082482904638631
608, 0.04082482904638631
871, 0.04082482904638631
960, 0.04082482904638631
1270, 0.04082482904638631
1372, 0.04082482904638631
1496, 0.04082482904638631
1497, 0.04082482904638631
1517, 0.04082482904638631
1688, 0.04082482904638631
1724, 0.04082482904638631
1791, 0.04082482904638631
2998, 0.04082482904638631
3378, 0.04082482904638631
3507, 0.04082482904638631
3555, 0.04082482904638631
3855, 0.04082482904638631
4122, 0.04082482904638631
4221, 0.04082482904638631
4225, 0.04082482904638631
4373, 0.04082482904638631
4423, 0.04082482904638631
4433, 0.04082482904638631
4434, 0.04082482904638631
4464, 0.04082482904638631
4475, 0.04082482904638631
4488, 0.04082482904638631
4552, 0.04082482904638631
4591, 0.04082482904638631
4599, 0.04082482904638631
4625, 0.04082482904638631
4704, 0.04082482904638631
4723, 0.04082482904638631
4897, 0.04082482904638631
5131, 0.04082482904638631
5771, 0.04082482904638631
8799, 0.04082482904638631
8936, 0.04082482904638631
8993, 0.04082482904638631
9021, 0.04082482904638631
9167, 0.04082482904638631
9203, 0.04082482904638631
9216, 0.04082482904638631
3, 0.03674234614174768
451, 0.03674234614174768
545, 0.03674234614174768
559, 0.03674234614174768
628, 0.03674234614174768
644, 0.03674234614174768
898, 0.03674234614174768
1023, 0.03674234614174768
1209, 0.03674234614174768
1214, 0.03674234614174768
1276, 0.03674234614174768
1354, 0.03674234614174768
1393, 0.03674234614174768
1464, 0.03674234614174768
1470, 0.03674234614174768
1485, 0.03674234614174768
1544, 0.03674234614174768
1685, 0.03674234614174768
3871, 0.03674234614174768
4071, 0.03674234614174768
4626, 0.03674234614174768
4708, 0.03674234614174768
4749, 0.03674234614174768
4764, 0.03674234614174768
4767, 0.03674234614174768
8746, 0.03674234614174768
8759, 0.03674234614174768
8920, 0.03674234614174768
8951, 0.03674234614174768
9150, 0.03674234614174768
879, 0.03674234614174768
3103, 0.03674234614174768
4474, 0.03674234614174768
4504, 0.03674234614174768
4509, 0.03674234614174768
5019, 0.03674234614174768
5070, 0.03674234614174768
1300, 0.03674234614174768
338, 0.03674234614174768
463, 0.03674234614174768
571, 0.03674234614174768
629, 0.03674234614174768
636, 0.03674234614174768
1037, 0.03674234614174768
1251, 0.03674234614174768
1305, 0.03674234614174768
1445, 0.03674234614174768
1499, 0.03674234614174768
1528, 0.03674234614174768
1667, 0.03674234614174768
1723, 0.03674234614174768
2981, 0.03674234614174768
4034, 0.03674234614174768
4054, 0.03674234614174768
4103, 0.03674234614174768
4393, 0.03674234614174768
4515, 0.03674234614174768
4518, 0.03674234614174768
4538, 0.03674234614174768
4564, 0.03674234614174768
4565, 0.03674234614174768
4573, 0.03674234614174768
4574, 0.03674234614174768
4698, 0.03674234614174768
4703, 0.03674234614174768
4741, 0.03674234614174768
4761, 0.03674234614174768
8757, 0.03674234614174768
8761, 0.03674234614174768
8786, 0.03674234614174768
8845, 0.03674234614174768
8854, 0.03674234614174768
8874, 0.03674234614174768
8906, 0.03674234614174768
9024, 0.03674234614174768
9076, 0.03674234614174768
9115, 0.03674234614174768
9137, 0.03674234614174768
9369, 0.03674234614174768
522, 0.032659863237109045
1193, 0.032659863237109045
1412, 0.032659863237109045
1476, 0.032659863237109045
1487, 0.032659863237109045
1715, 0.032659863237109045
2876, 0.032659863237109045
3108, 0.032659863237109045
3834, 0.032659863237109045
4184, 0.032659863237109045
4213, 0.032659863237109045
4299, 0.032659863237109045
4374, 0.032659863237109045
4569, 0.032659863237109045
4701, 0.032659863237109045
8930, 0.032659863237109045
4711, 0.032659863237109045
4719, 0.032659863237109045
5644, 0.032659863237109045
4, 0.032659863237109045
589, 0.032659863237109045
600, 0.032659863237109045
1058, 0.032659863237109045
1181, 0.032659863237109045
1195, 0.032659863237109045
1491, 0.032659863237109045
1629, 0.032659863237109045
1716, 0.032659863237109045
2138, 0.032659863237109045
2207, 0.032659863237109045
2936, 0.032659863237109045
2983, 0.032659863237109045
4216, 0.032659863237109045
4300, 0.032659863237109045
4576, 0.032659863237109045
4720, 0.032659863237109045
4729, 0.032659863237109045
8801, 0.032659863237109045
8946, 0.032659863237109045
9159, 0.032659863237109045
1411, 0.02857738033247042
1480, 0.02857738033247042
3105, 0.02857738033247042
1064, 0.02857738033247042
1838, 0.02857738033247042
5096, 0.024494897427831782
1319, 0.024494897427831782
