4198, 0.19187669651801564
24, 0.15921683328090658
1235, 0.155134350376268
1297, 0.15105186747162933
6017, 0.1469693845669907
1294, 0.1469693845669907
1269, 0.14696938456699069
4764, 0.14288690166235207
9184, 0.14288690166235207
3680, 0.14288690166235207
578, 0.13472193585307482
1245, 0.13472193585307482
4584, 0.13472193585307482
4618, 0.13472193585307482
8862, 0.13472193585307482
3768, 0.13472193585307482
1298, 0.1347219358530748
198, 0.13063945294843618
2855, 0.13063945294843618
3245, 0.13063945294843618
9159, 0.12655697004379757
2890, 0.12247448713915893
2892, 0.12247448713915893
192, 0.12247448713915893
1262, 0.11839200423452029
8737, 0.11839200423452029
8859, 0.11839200423452029
3442, 0.11430952132988167
3913, 0.11430952132988167
4316, 0.11430952132988167
9067, 0.11430952132988167
3251, 0.11430952132988166
8777, 0.11430952132988166
8818, 0.11022703842524303
4637, 0.11022703842524303
1053, 0.11022703842524302
4303, 0.11022703842524302
1244, 0.10614455552060441
4486, 0.10614455552060441
8847, 0.10614455552060441
8942, 0.10614455552060441
9342, 0.10614455552060441
462, 0.10614455552060441
8827, 0.10614455552060441
206, 0.10614455552060441
3248, 0.10614455552060441
3138, 0.1061445555206044
8759, 0.1061445555206044
4617, 0.1061445555206044
1291, 0.10206207261596578
3854, 0.10206207261596578
467, 0.10206207261596578
194, 0.10206207261596577
1213, 0.10206207261596577
3510, 0.10206207261596577
1395, 0.10206207261596577
8919, 0.10206207261596577
4696, 0.10206207261596577
1251, 0.09797958971132714
2876, 0.09797958971132714
4589, 0.09797958971132714
4499, 0.09797958971132714
8769, 0.09797958971132713
9254, 0.09797958971132713
9156, 0.09797958971132713
1844, 0.09389710680668852
3928, 0.09389710680668852
4274, 0.09389710680668852
8802, 0.09389710680668852
8925, 0.09389710680668852
1414, 0.09389710680668852
4581, 0.09389710680668852
9354, 0.09389710680668852
9047, 0.09389710680668852
4624, 0.0938971068066885
561, 0.08981462390204989
1256, 0.08981462390204989
4498, 0.08981462390204989
8973, 0.08981462390204989
510, 0.08981462390204988
607, 0.08981462390204988
1274, 0.08981462390204988
1278, 0.08981462390204988
4072, 0.08981462390204988
8805, 0.08981462390204988
9036, 0.08981462390204988
1167, 0.08981462390204988
3868, 0.08981462390204988
4467, 0.08981462390204988
9057, 0.08981462390204988
9295, 0.08981462390204988
1200, 0.08981462390204988
1272, 0.08981462390204988
4672, 0.08981462390204988
1574, 0.08573214099741125
3858, 0.08573214099741125
4583, 0.08573214099741125
8920, 0.08573214099741125
4382, 0.08573214099741125
9049, 0.08573214099741125
9151, 0.08573214099741125
8861, 0.08573214099741125
8967, 0.08573214099741124
9144, 0.08573214099741124
1027, 0.08573214099741124
1767, 0.08573214099741124
4367, 0.08573214099741124
4533, 0.08573214099741124
5727, 0.08573214099741124
6216, 0.08573214099741124
1226, 0.08573214099741124
1279, 0.08573214099741124
1469, 0.08573214099741124
8886, 0.08573214099741124
3551, 0.08164965809277262
4082, 0.08164965809277262
4205, 0.08164965809277262
4250, 0.08164965809277262
5771, 0.08164965809277262
8810, 0.08164965809277262
8966, 0.08164965809277262
9109, 0.08164965809277262
1665, 0.08164965809277262
3473, 0.08164965809277262
4302, 0.08164965809277262
4349, 0.08164965809277262
4506, 0.08164965809277262
4524, 0.08164965809277262
4586, 0.08164965809277262
8804, 0.08164965809277262
1654, 0.08164965809277262
176, 0.08164965809277262
1222, 0.08164965809277262
1232, 0.08164965809277262
1241, 0.08164965809277262
3244, 0.08164965809277262
8732, 0.08164965809277262
8899, 0.08164965809277262
9121, 0.08164965809277262
643, 0.08164965809277261
8944, 0.08164965809277261
548, 0.07756717518813398
2212, 0.07756717518813398
4534, 0.07756717518813398
4611, 0.07756717518813398
8974, 0.07756717518813398
9095, 0.07756717518813398
480, 0.07756717518813398
1863, 0.07756717518813398
3108, 0.07756717518813398
3262, 0.07756717518813398
4307, 0.07756717518813398
4597, 0.07756717518813398
4602, 0.07756717518813398
1084, 0.07756717518813398
4477, 0.07756717518813398
4676, 0.07756717518813398
5955, 0.07756717518813398
9250, 0.07756717518813398
9300, 0.07756717518813398
1127, 0.07756717518813398
1228, 0.07756717518813398
1684, 0.07756717518813398
2872, 0.07756717518813398
2873, 0.07756717518813398
2891, 0.07756717518813398
2893, 0.07756717518813398
8898, 0.07756717518813398
9096, 0.07756717518813398
613, 0.07348469228349536
1661, 0.07348469228349536
2230, 0.07348469228349536
3528, 0.07348469228349536
4204, 0.07348469228349536
4778, 0.07348469228349536
8830, 0.07348469228349536
8845, 0.07348469228349536
8883, 0.07348469228349536
8976, 0.07348469228349536
9101, 0.07348469228349536
9127, 0.07348469228349536
1773, 0.07348469228349536
4353, 0.07348469228349536
4519, 0.07348469228349536
4565, 0.07348469228349536
4595, 0.07348469228349536
5029, 0.07348469228349536
483, 0.07348469228349536
5353, 0.07348469228349536
6070, 0.07348469228349536
8937, 0.07348469228349536
9361, 0.07348469228349536
171, 0.07348469228349536
1280, 0.07348469228349536
2874, 0.07348469228349536
3246, 0.07348469228349536
3252, 0.07348469228349536
3860, 0.07348469228349536
4610, 0.07348469228349536
4688, 0.07348469228349536
8750, 0.07348469228349536
3334, 0.06940220937885673
5261, 0.06940220937885673
1024, 0.06940220937885673
1522, 0.06940220937885673
1834, 0.06940220937885673
4050, 0.06940220937885673
4537, 0.06940220937885673
4601, 0.06940220937885673
1584, 0.06940220937885673
2989, 0.06940220937885673
3193, 0.06940220937885673
4449, 0.06940220937885673
6038, 0.06940220937885673
6058, 0.06940220937885673
8751, 0.06940220937885673
9283, 0.06940220937885673
211, 0.06940220937885673
1005, 0.06940220937885673
1293, 0.06940220937885673
1295, 0.06940220937885673
8731, 0.06940220937885673
8826, 0.06940220937885673
8831, 0.06940220937885673
8900, 0.06940220937885673
8917, 0.06940220937885673
8969, 0.0653197264742181
504, 0.06531972647421809
1398, 0.06531972647421809
2203, 0.06531972647421809
3547, 0.06531972647421809
4208, 0.06531972647421809
4356, 0.06531972647421809
4701, 0.06531972647421809
4758, 0.06531972647421809
5317, 0.06531972647421809
8894, 0.06531972647421809
8978, 0.06531972647421809
8982, 0.06531972647421809
589, 0.06531972647421809
1181, 0.06531972647421809
1366, 0.06531972647421809
1402, 0.06531972647421809
4287, 0.06531972647421809
4394, 0.06531972647421809
4513, 0.06531972647421809
4564, 0.06531972647421809
4609, 0.06531972647421809
5091, 0.06531972647421809
431, 0.06531972647421809
1060, 0.06531972647421809
1540, 0.06531972647421809
2097, 0.06531972647421809
2900, 0.06531972647421809
3016, 0.06531972647421809
3076, 0.06531972647421809
3490, 0.06531972647421809
4527, 0.06531972647421809
6162, 0.06531972647421809
8979, 0.06531972647421809
9290, 0.06531972647421809
920, 0.06531972647421809
4306, 0.06531972647421809
197, 0.06531972647421809
1095, 0.06531972647421809
1205, 0.06531972647421809
1229, 0.06531972647421809
1243, 0.06531972647421809
2351, 0.06531972647421809
3652, 0.06531972647421809
9038, 0.06531972647421809
9039, 0.06531972647421809
9050, 0.06531972647421809
213, 0.06123724356957946
547, 0.06123724356957946
564, 0.06123724356957946
675, 0.06123724356957946
1393, 0.06123724356957946
1567, 0.06123724356957946
2339, 0.06123724356957946
3348, 0.06123724356957946
4107, 0.06123724356957946
8947, 0.06123724356957946
1662, 0.06123724356957946
3576, 0.06123724356957946
4331, 0.06123724356957946
4386, 0.06123724356957946
4479, 0.06123724356957946
4496, 0.06123724356957946
4600, 0.06123724356957946
505, 0.06123724356957946
1431, 0.06123724356957946
1538, 0.06123724356957946
2119, 0.06123724356957946
2291, 0.06123724356957946
3064, 0.06123724356957946
5773, 0.06123724356957946
6043, 0.06123724356957946
6076, 0.06123724356957946
8782, 0.06123724356957946
8962, 0.06123724356957946
9289, 0.06123724356957946
9364, 0.06123724356957946
166, 0.06123724356957946
170, 0.06123724356957946
179, 0.06123724356957946
586, 0.06123724356957946
1289, 0.06123724356957946
2878, 0.06123724356957946
3132, 0.06123724356957946
8752, 0.06123724356957946
8832, 0.06123724356957946
8884, 0.06123724356957946
9137, 0.06123724356957946
534, 0.05715476066494084
539, 0.05715476066494084
574, 0.05715476066494084
712, 0.05715476066494084
1010, 0.05715476066494084
1113, 0.05715476066494084
1664, 0.05715476066494084
2333, 0.05715476066494084
3304, 0.05715476066494084
3343, 0.05715476066494084
3361, 0.05715476066494084
3493, 0.05715476066494084
3897, 0.05715476066494084
4105, 0.05715476066494084
4242, 0.05715476066494084
4354, 0.05715476066494084
4591, 0.05715476066494084
4760, 0.05715476066494084
4767, 0.05715476066494084
4768, 0.05715476066494084
5221, 0.05715476066494084
1180, 0.05715476066494084
1356, 0.05715476066494084
2116, 0.05715476066494084
3428, 0.05715476066494084
4338, 0.05715476066494084
4458, 0.05715476066494084
4464, 0.05715476066494084
4476, 0.05715476066494084
4495, 0.05715476066494084
4557, 0.05715476066494084
4604, 0.05715476066494084
4606, 0.05715476066494084
4739, 0.05715476066494084
6096, 0.05715476066494084
460, 0.05715476066494084
922, 0.05715476066494084
2993, 0.05715476066494084
3010, 0.05715476066494084
3509, 0.05715476066494084
3926, 0.05715476066494084
4251, 0.05715476066494084
4372, 0.05715476066494084
5253, 0.05715476066494084
5302, 0.05715476066494084
5679, 0.05715476066494084
5741, 0.05715476066494084
6080, 0.05715476066494084
6218, 0.05715476066494084
8993, 0.05715476066494084
9259, 0.05715476066494084
9296, 0.05715476066494084
173, 0.05715476066494084
546, 0.05715476066494084
1020, 0.05715476066494084
1209, 0.05715476066494084
1223, 0.05715476066494084
1263, 0.05715476066494084
1266, 0.05715476066494084
1287, 0.05715476066494084
1542, 0.05715476066494084
3591, 0.05715476066494084
8760, 0.05715476066494084
8762, 0.05715476066494084
9081, 0.05715476066494084
526, 0.053072277760302204
537, 0.053072277760302204
594, 0.053072277760302204
1029, 0.053072277760302204
1087, 0.053072277760302204
1376, 0.053072277760302204
1566, 0.053072277760302204
3290, 0.053072277760302204
3363, 0.053072277760302204
3467, 0.053072277760302204
3542, 0.053072277760302204
3552, 0.053072277760302204
3886, 0.053072277760302204
4376, 0.053072277760302204
4399, 0.053072277760302204
4629, 0.053072277760302204
4748, 0.053072277760302204
5322, 0.053072277760302204
5957, 0.053072277760302204
6078, 0.053072277760302204
8854, 0.053072277760302204
8949, 0.053072277760302204
9074, 0.053072277760302204
1752, 0.053072277760302204
2228, 0.053072277760302204
3007, 0.053072277760302204
4170, 0.053072277760302204
4308, 0.053072277760302204
4348, 0.053072277760302204
4474, 0.053072277760302204
4481, 0.053072277760302204
4492, 0.053072277760302204
4562, 0.053072277760302204
4568, 0.053072277760302204
4900, 0.053072277760302204
8878, 0.053072277760302204
1302, 0.053072277760302204
2209, 0.053072277760302204
2271, 0.053072277760302204
2904, 0.053072277760302204
2906, 0.053072277760302204
2971, 0.053072277760302204
3458, 0.053072277760302204
4022, 0.053072277760302204
4113, 0.053072277760302204
4156, 0.053072277760302204
4403, 0.053072277760302204
5019, 0.053072277760302204
5580, 0.053072277760302204
5677, 0.053072277760302204
5816, 0.053072277760302204
6026, 0.053072277760302204
6158, 0.053072277760302204
6169, 0.053072277760302204
6186, 0.053072277760302204
6215, 0.053072277760302204
8749, 0.053072277760302204
8881, 0.053072277760302204
9258, 0.053072277760302204
9298, 0.053072277760302204
9302, 0.053072277760302204
9324, 0.053072277760302204
1234, 0.053072277760302204
1284, 0.053072277760302204
1299, 0.053072277760302204
2324, 0.053072277760302204
2875, 0.053072277760302204
2884, 0.053072277760302204
3592, 0.053072277760302204
4193, 0.053072277760302204
8851, 0.053072277760302204
8873, 0.053072277760302204
8909, 0.053072277760302204
8931, 0.053072277760302204
9130, 0.053072277760302204
9132, 0.053072277760302204
912, 0.048989794855663564
1313, 0.048989794855663564
3339, 0.048989794855663564
3351, 0.048989794855663564
3359, 0.048989794855663564
3569, 0.048989794855663564
3859, 0.048989794855663564
4116, 0.048989794855663564
4191, 0.048989794855663564
4310, 0.048989794855663564
4596, 0.048989794855663564
4616, 0.048989794855663564
5321, 0.048989794855663564
5854, 0.048989794855663564
5858, 0.048989794855663564
8761, 0.048989794855663564
8849, 0.048989794855663564
8930, 0.048989794855663564
8970, 0.048989794855663564
9114, 0.048989794855663564
9161, 0.048989794855663564
9195, 0.048989794855663564
459, 0.048989794855663564
1178, 0.048989794855663564
1447, 0.048989794855663564
1475, 0.048989794855663564
1554, 0.048989794855663564
1622, 0.048989794855663564
1623, 0.048989794855663564
2094, 0.048989794855663564
3107, 0.048989794855663564
4271, 0.048989794855663564
4509, 0.048989794855663564
4518, 0.048989794855663564
4613, 0.048989794855663564
5127, 0.048989794855663564
6014, 0.048989794855663564
8755, 0.048989794855663564
8808, 0.048989794855663564
9178, 0.048989794855663564
585, 0.048989794855663564
631, 0.048989794855663564
947, 0.048989794855663564
1098, 0.048989794855663564
1454, 0.048989794855663564
1518, 0.048989794855663564
2285, 0.048989794855663564
2901, 0.048989794855663564
2961, 0.048989794855663564
3061, 0.048989794855663564
3066, 0.048989794855663564
3152, 0.048989794855663564
3482, 0.048989794855663564
3548, 0.048989794855663564
3587, 0.048989794855663564
3917, 0.048989794855663564
4061, 0.048989794855663564
4197, 0.048989794855663564
4292, 0.048989794855663564
4428, 0.048989794855663564
4436, 0.048989794855663564
4615, 0.048989794855663564
5140, 0.048989794855663564
5215, 0.048989794855663564
5743, 0.048989794855663564
5778, 0.048989794855663564
5797, 0.048989794855663564
6022, 0.048989794855663564
6176, 0.048989794855663564
8795, 0.048989794855663564
8824, 0.048989794855663564
8840, 0.048989794855663564
9133, 0.048989794855663564
9363, 0.048989794855663564
8753, 0.048989794855663564
9140, 0.048989794855663564
1246, 0.048989794855663564
1250, 0.048989794855663564
1565, 0.048989794855663564
2290, 0.048989794855663564
2888, 0.048989794855663564
3130, 0.048989794855663564
3247, 0.048989794855663564
3659, 0.048989794855663564
8885, 0.048989794855663564
9056, 0.048989794855663564
9111, 0.048989794855663564
190, 0.04490731195102494
550, 0.04490731195102494
710, 0.04490731195102494
1560, 0.04490731195102494
1790, 0.04490731195102494
1808, 0.04490731195102494
2626, 0.04490731195102494
3116, 0.04490731195102494
3149, 0.04490731195102494
3347, 0.04490731195102494
3650, 0.04490731195102494
4046, 0.04490731195102494
4206, 0.04490731195102494
4207, 0.04490731195102494
4241, 0.04490731195102494
4314, 0.04490731195102494
4358, 0.04490731195102494
4377, 0.04490731195102494
4571, 0.04490731195102494
4614, 0.04490731195102494
4700, 0.04490731195102494
8771, 0.04490731195102494
8971, 0.04490731195102494
8986, 0.04490731195102494
8999, 0.04490731195102494
9042, 0.04490731195102494
9048, 0.04490731195102494
9107, 0.04490731195102494
9158, 0.04490731195102494
569, 0.04490731195102494
954, 0.04490731195102494
1307, 0.04490731195102494
1466, 0.04490731195102494
1485, 0.04490731195102494
1521, 0.04490731195102494
3104, 0.04490731195102494
3106, 0.04490731195102494
3463, 0.04490731195102494
3608, 0.04490731195102494
4263, 0.04490731195102494
4341, 0.04490731195102494
4388, 0.04490731195102494
4462, 0.04490731195102494
4471, 0.04490731195102494
4510, 0.04490731195102494
4514, 0.04490731195102494
4563, 0.04490731195102494
4566, 0.04490731195102494
4587, 0.04490731195102494
4705, 0.04490731195102494
5744, 0.04490731195102494
9037, 0.04490731195102494
454, 0.04490731195102494
490, 0.04490731195102494
527, 0.04490731195102494
1227, 0.04490731195102494
1264, 0.04490731195102494
1368, 0.04490731195102494
1716, 0.04490731195102494
2326, 0.04490731195102494
2960, 0.04490731195102494
2978, 0.04490731195102494
2988, 0.04490731195102494
3255, 0.04490731195102494
3374, 0.04490731195102494
3383, 0.04490731195102494
3460, 0.04490731195102494
3481, 0.04490731195102494
3562, 0.04490731195102494
4016, 0.04490731195102494
4037, 0.04490731195102494
4110, 0.04490731195102494
4226, 0.04490731195102494
4283, 0.04490731195102494
4294, 0.04490731195102494
4398, 0.04490731195102494
4422, 0.04490731195102494
4448, 0.04490731195102494
4482, 0.04490731195102494
4501, 0.04490731195102494
4529, 0.04490731195102494
4790, 0.04490731195102494
5154, 0.04490731195102494
5553, 0.04490731195102494
5568, 0.04490731195102494
5993, 0.04490731195102494
6032, 0.04490731195102494
6160, 0.04490731195102494
8780, 0.04490731195102494
8790, 0.04490731195102494
8946, 0.04490731195102494
9053, 0.04490731195102494
9092, 0.04490731195102494
9173, 0.04490731195102494
9176, 0.04490731195102494
9177, 0.04490731195102494
9255, 0.04490731195102494
9291, 0.04490731195102494
9328, 0.04490731195102494
9367, 0.04490731195102494
4055, 0.04490731195102494
9040, 0.04490731195102494
218, 0.04490731195102494
1210, 0.04490731195102494
1643, 0.04490731195102494
3249, 0.04490731195102494
9186, 0.04490731195102494
199, 0.04082482904638631
466, 0.04082482904638631
599, 0.04082482904638631
616, 0.04082482904638631
619, 0.04082482904638631
906, 0.04082482904638631
962, 0.04082482904638631
1212, 0.04082482904638631
1321, 0.04082482904638631
1463, 0.04082482904638631
1480, 0.04082482904638631
1840, 0.04082482904638631
1862, 0.04082482904638631
2103, 0.04082482904638631
2894, 0.04082482904638631
3151, 0.04082482904638631
3818, 0.04082482904638631
3870, 0.04082482904638631
4121, 0.04082482904638631
4211, 0.04082482904638631
4311, 0.04082482904638631
4361, 0.04082482904638631
4535, 0.04082482904638631
4578, 0.04082482904638631
4950, 0.04082482904638631
5324, 0.04082482904638631
8799, 0.04082482904638631
8811, 0.04082482904638631
8972, 0.04082482904638631
9022, 0.04082482904638631
9126, 0.04082482904638631
9183, 0.04082482904638631
556, 0.04082482904638631
1426, 0.04082482904638631
1439, 0.04082482904638631
1462, 0.04082482904638631
1523, 0.04082482904638631
1559, 0.04082482904638631
4273, 0.04082482904638631
4526, 0.04082482904638631
4530, 0.04082482904638631
4576, 0.04082482904638631
4619, 0.04082482904638631
4898, 0.04082482904638631
4909, 0.04082482904638631
343, 0.04082482904638631
567, 0.04082482904638631
579, 0.04082482904638631
590, 0.04082482904638631
640, 0.04082482904638631
700, 0.04082482904638631
719, 0.04082482904638631
945, 0.04082482904638631
1008, 0.04082482904638631
1028, 0.04082482904638631
1240, 0.04082482904638631
1508, 0.04082482904638631
1514, 0.04082482904638631
1516, 0.04082482904638631
1527, 0.04082482904638631
1529, 0.04082482904638631
1581, 0.04082482904638631
1631, 0.04082482904638631
1724, 0.04082482904638631
1791, 0.04082482904638631
1839, 0.04082482904638631
3260, 0.04082482904638631
3549, 0.04082482904638631
3554, 0.04082482904638631
3555, 0.04082482904638631
3840, 0.04082482904638631
4184, 0.04082482904638631
4225, 0.04082482904638631
4281, 0.04082482904638631
4329, 0.04082482904638631
4373, 0.04082482904638631
4381, 0.04082482904638631
4465, 0.04082482904638631
4552, 0.04082482904638631
4580, 0.04082482904638631
4593, 0.04082482904638631
4755, 0.04082482904638631
4946, 0.04082482904638631
4994, 0.04082482904638631
5128, 0.04082482904638631
5586, 0.04082482904638631
6005, 0.04082482904638631
6031, 0.04082482904638631
6198, 0.04082482904638631
6214, 0.04082482904638631
8829, 0.04082482904638631
8864, 0.04082482904638631
8896, 0.04082482904638631
8926, 0.04082482904638631
8996, 0.04082482904638631
9033, 0.04082482904638631
457, 0.04082482904638631
204, 0.04082482904638631
207, 0.04082482904638631
217, 0.04082482904638631
905, 0.04082482904638631
1242, 0.04082482904638631
2880, 0.04082482904638631
2881, 0.04082482904638631
3457, 0.04082482904638631
4335, 0.04082482904638631
5990, 0.04082482904638631
8765, 0.04082482904638631
8766, 0.04082482904638631
8792, 0.04082482904638631
9006, 0.04082482904638631
14, 0.03674234614174768
451, 0.03674234614174768
648, 0.03674234614174768
985, 0.03674234614174768
1036, 0.03674234614174768
1037, 0.03674234614174768
1166, 0.03674234614174768
1214, 0.03674234614174768
1267, 0.03674234614174768
1858, 0.03674234614174768
2279, 0.03674234614174768
3136, 0.03674234614174768
4222, 0.03674234614174768
6015, 0.03674234614174768
8887, 0.03674234614174768
8912, 0.03674234614174768
9058, 0.03674234614174768
9112, 0.03674234614174768
9155, 0.03674234614174768
9369, 0.03674234614174768
911, 0.03674234614174768
1312, 0.03674234614174768
1352, 0.03674234614174768
1378, 0.03674234614174768
3103, 0.03674234614174768
3866, 0.03674234614174768
3871, 0.03674234614174768
4276, 0.03674234614174768
4305, 0.03674234614174768
4389, 0.03674234614174768
4491, 0.03674234614174768
4598, 0.03674234614174768
4636, 0.03674234614174768
9076, 0.03674234614174768
879, 0.03674234614174768
908, 0.03674234614174768
974, 0.03674234614174768
1163, 0.03674234614174768
1179, 0.03674234614174768
1198, 0.03674234614174768
1303, 0.03674234614174768
1451, 0.03674234614174768
1483, 0.03674234614174768
1605, 0.03674234614174768
1721, 0.03674234614174768
1835, 0.03674234614174768
1856, 0.03674234614174768
2263, 0.03674234614174768
2981, 0.03674234614174768
3500, 0.03674234614174768
3847, 0.03674234614174768
3851, 0.03674234614174768
3901, 0.03674234614174768
4032, 0.03674234614174768
4164, 0.03674234614174768
4282, 0.03674234614174768
4330, 0.03674234614174768
4536, 0.03674234614174768
4543, 0.03674234614174768
4626, 0.03674234614174768
4685, 0.03674234614174768
4695, 0.03674234614174768
4708, 0.03674234614174768
4712, 0.03674234614174768
5002, 0.03674234614174768
5020, 0.03674234614174768
5325, 0.03674234614174768
5569, 0.03674234614174768
5855, 0.03674234614174768
5859, 0.03674234614174768
5994, 0.03674234614174768
6010, 0.03674234614174768
8953, 0.03674234614174768
8954, 0.03674234614174768
8994, 0.03674234614174768
9046, 0.03674234614174768
9108, 0.03674234614174768
9123, 0.03674234614174768
9142, 0.03674234614174768
9147, 0.03674234614174768
2208, 0.03674234614174768
8783, 0.03674234614174768
8825, 0.03674234614174768
16, 0.032659863237109045
609, 0.032659863237109045
907, 0.032659863237109045
1392, 0.032659863237109045
1487, 0.032659863237109045
1629, 0.032659863237109045
2340, 0.032659863237109045
4707, 0.032659863237109045
4736, 0.032659863237109045
8903, 0.032659863237109045
651, 0.032659863237109045
946, 0.032659863237109045
1419, 0.032659863237109045
1486, 0.032659863237109045
4463, 0.032659863237109045
4475, 0.032659863237109045
602, 0.032659863237109045
630, 0.032659863237109045
903, 0.032659863237109045
1195, 0.032659863237109045
1412, 0.032659863237109045
1715, 0.032659863237109045
2983, 0.032659863237109045
3065, 0.032659863237109045
3194, 0.032659863237109045
4213, 0.032659863237109045
4299, 0.032659863237109045
4385, 0.032659863237109045
4569, 0.032659863237109045
4588, 0.032659863237109045
4702, 0.032659863237109045
4710, 0.032659863237109045
4713, 0.032659863237109045
4719, 0.032659863237109045
5644, 0.032659863237109045
8823, 0.032659863237109045
545, 0.02857738033247042
1410, 0.02857738033247042
4622, 0.02857738033247042
1838, 0.02857738033247042
3105, 0.02857738033247042
1067, 0.02857738033247042
4718, 0.02857738033247042
5084, 0.02857738033247042
5096, 0.024494897427831782
