3768, 0.29516097302997224
3248, 0.24596747752497686
3251, 0.21019038988498023
3667, 0.18335757415498274
3692, 0.18335757415498274
3797, 0.18335757415498274
3246, 0.17888543819998318
666, 0.169941166289984
5503, 0.169941166289984
3130, 0.16546903033498445
3252, 0.16546903033498445
1232, 0.16099689437998488
2596, 0.15652475842498526
2854, 0.15652475842498526
3790, 0.15652475842498526
3680, 0.15652475842498526
1223, 0.1520526224699857
1807, 0.1520526224699857
3860, 0.1520526224699857
1280, 0.14758048651498612
1986, 0.14758048651498612
3250, 0.14758048651498612
5066, 0.14758048651498612
1245, 0.14758048651498612
1250, 0.14310835055998655
3665, 0.14310835055998655
3703, 0.14310835055998655
3717, 0.14310835055998655
2873, 0.14310835055998655
9050, 0.14310835055998655
1274, 0.14310835055998652
8760, 0.13863621460498698
1294, 0.1341640786499874
8731, 0.1341640786499874
9096, 0.1341640786499874
179, 0.13416407864998736
2232, 0.13416407864998736
2878, 0.13416407864998736
4610, 0.1296919426949878
8859, 0.1296919426949878
1801, 0.12521980673998823
2874, 0.12521980673998823
5007, 0.12521980673998823
211, 0.12074767078498866
617, 0.12074767078498866
4637, 0.12074767078498864
170, 0.12074767078498863
3294, 0.11627553482998906
5774, 0.11627553482998906
2890, 0.11627553482998906
206, 0.11627553482998906
4764, 0.11180339887498948
4696, 0.11180339887498948
1289, 0.11180339887498947
551, 0.1073312629199899
613, 0.1073312629199899
1249, 0.1073312629199899
2204, 0.1073312629199899
2218, 0.1073312629199899
4760, 0.1073312629199899
9137, 0.1073312629199899
24, 0.1073312629199899
1269, 0.1073312629199899
1297, 0.1073312629199899
502, 0.10285912696499033
1651, 0.10285912696499033
2880, 0.10285912696499033
1652, 0.10285912696499033
8873, 0.10285912696499033
4198, 0.10285912696499033
441, 0.09838699100999075
578, 0.09838699100999075
1859, 0.09838699100999075
6168, 0.09838699100999075
1200, 0.09838699100999075
1272, 0.09838699100999075
4672, 0.09838699100999075
2362, 0.09838699100999074
3814, 0.09391485505499117
9159, 0.09391485505499117
31, 0.09391485505499116
9303, 0.09391485505499116
9368, 0.09391485505499116
1226, 0.09391485505499116
1279, 0.09391485505499116
1298, 0.09391485505499116
1469, 0.09391485505499116
8886, 0.09391485505499116
545, 0.08944271909999159
1268, 0.08944271909999159
2360, 0.08944271909999159
4119, 0.08944271909999159
4157, 0.08944271909999159
176, 0.08944271909999159
198, 0.08944271909999159
1222, 0.08944271909999159
1241, 0.08944271909999159
3244, 0.08944271909999159
8732, 0.08944271909999159
8899, 0.08944271909999159
9121, 0.08944271909999159
482, 0.084970583144992
494, 0.084970583144992
693, 0.084970583144992
697, 0.084970583144992
715, 0.084970583144992
1224, 0.084970583144992
1689, 0.084970583144992
3262, 0.084970583144992
3269, 0.084970583144992
3495, 0.084970583144992
3522, 0.084970583144992
4477, 0.084970583144992
4724, 0.084970583144992
9085, 0.084970583144992
1084, 0.084970583144992
1557, 0.084970583144992
3885, 0.084970583144992
4701, 0.084970583144992
1127, 0.084970583144992
1228, 0.084970583144992
1262, 0.084970583144992
1684, 0.084970583144992
2872, 0.084970583144992
2891, 0.084970583144992
2892, 0.084970583144992
2893, 0.084970583144992
8898, 0.084970583144992
29, 0.08049844718999243
611, 0.08049844718999243
911, 0.08049844718999243
922, 0.08049844718999243
1497, 0.08049844718999243
1860, 0.08049844718999243
2221, 0.08049844718999243
2233, 0.08049844718999243
3135, 0.08049844718999243
3868, 0.08049844718999243
4105, 0.08049844718999243
4294, 0.08049844718999243
5061, 0.08049844718999243
171, 0.08049844718999243
1235, 0.08049844718999243
4688, 0.08049844718999243
8737, 0.08049844718999243
8750, 0.08049844718999243
8862, 0.08049844718999243
162, 0.07602631123499286
429, 0.07602631123499286
444, 0.07602631123499286
516, 0.07602631123499286
612, 0.07602631123499286
726, 0.07602631123499286
1032, 0.07602631123499286
1204, 0.07602631123499286
1238, 0.07602631123499286
1350, 0.07602631123499286
4191, 0.07602631123499286
893, 0.07602631123499286
3469, 0.07602631123499286
4083, 0.07602631123499286
192, 0.07602631123499286
1005, 0.07602631123499286
1293, 0.07602631123499286
1295, 0.07602631123499286
8826, 0.07602631123499286
8831, 0.07602631123499286
8900, 0.07602631123499286
8917, 0.07602631123499286
28, 0.07155417527999328
38, 0.07155417527999328
45, 0.07155417527999328
577, 0.07155417527999328
609, 0.07155417527999328
908, 0.07155417527999328
1255, 0.07155417527999328
1507, 0.07155417527999328
1628, 0.07155417527999328
2900, 0.07155417527999328
3115, 0.07155417527999328
3146, 0.07155417527999328
3314, 0.07155417527999328
4112, 0.07155417527999328
4615, 0.07155417527999328
4687, 0.07155417527999328
6181, 0.07155417527999328
703, 0.07155417527999328
2870, 0.07155417527999328
4713, 0.07155417527999328
8823, 0.07155417527999328
197, 0.07155417527999328
1095, 0.07155417527999328
1205, 0.07155417527999328
1229, 0.07155417527999328
1243, 0.07155417527999328
2351, 0.07155417527999328
2876, 0.07155417527999328
3245, 0.07155417527999328
3652, 0.07155417527999328
8818, 0.07155417527999328
9038, 0.07155417527999328
9039, 0.07155417527999328
521, 0.06708203932499368
536, 0.06708203932499368
553, 0.06708203932499368
655, 0.06708203932499368
695, 0.06708203932499368
724, 0.06708203932499368
1186, 0.06708203932499368
1211, 0.06708203932499368
1401, 0.06708203932499368
3111, 0.06708203932499368
3125, 0.06708203932499368
3137, 0.06708203932499368
3144, 0.06708203932499368
3301, 0.06708203932499368
3339, 0.06708203932499368
3560, 0.06708203932499368
6015, 0.06708203932499368
6037, 0.06708203932499368
8785, 0.06708203932499368
718, 0.06708203932499368
723, 0.06708203932499368
939, 0.06708203932499368
1458, 0.06708203932499368
9147, 0.06708203932499368
166, 0.06708203932499368
194, 0.06708203932499368
586, 0.06708203932499368
1213, 0.06708203932499368
1251, 0.06708203932499368
3132, 0.06708203932499368
8752, 0.06708203932499368
8777, 0.06708203932499368
8832, 0.06708203932499368
8884, 0.06708203932499368
8919, 0.06708203932499368
343, 0.06260990336999411
558, 0.06260990336999411
604, 0.06260990336999411
687, 0.06260990336999411
1176, 0.06260990336999411
1587, 0.06260990336999411
1853, 0.06260990336999411
2333, 0.06260990336999411
3123, 0.06260990336999411
3127, 0.06260990336999411
3140, 0.06260990336999411
3644, 0.06260990336999411
3845, 0.06260990336999411
3884, 0.06260990336999411
4044, 0.06260990336999411
4614, 0.06260990336999411
5274, 0.06260990336999411
5675, 0.06260990336999411
5719, 0.06260990336999411
5767, 0.06260990336999411
6001, 0.06260990336999411
6080, 0.06260990336999411
6206, 0.06260990336999411
195, 0.06260990336999411
1282, 0.06260990336999411
1802, 0.06260990336999411
1852, 0.06260990336999411
4767, 0.06260990336999411
173, 0.06260990336999411
546, 0.06260990336999411
1020, 0.06260990336999411
1209, 0.06260990336999411
1263, 0.06260990336999411
1266, 0.06260990336999411
1287, 0.06260990336999411
1291, 0.06260990336999411
1542, 0.06260990336999411
3591, 0.06260990336999411
8762, 0.06260990336999411
8802, 0.06260990336999411
9081, 0.06260990336999411
14, 0.05813776741499453
19, 0.05813776741499453
512, 0.05813776741499453
596, 0.05813776741499453
1230, 0.05813776741499453
1265, 0.05813776741499453
1416, 0.05813776741499453
1493, 0.05813776741499453
1499, 0.05813776741499453
1627, 0.05813776741499453
2229, 0.05813776741499453
2271, 0.05813776741499453
2339, 0.05813776741499453
2366, 0.05813776741499453
2868, 0.05813776741499453
3119, 0.05813776741499453
3148, 0.05813776741499453
3317, 0.05813776741499453
3475, 0.05813776741499453
3557, 0.05813776741499453
3870, 0.05813776741499453
3908, 0.05813776741499453
4060, 0.05813776741499453
4295, 0.05813776741499453
4603, 0.05813776741499453
4627, 0.05813776741499453
4629, 0.05813776741499453
4744, 0.05813776741499453
4778, 0.05813776741499453
5092, 0.05813776741499453
5261, 0.05813776741499453
5771, 0.05813776741499453
10, 0.05813776741499453
442, 0.05813776741499453
676, 0.05813776741499453
717, 0.05813776741499453
3297, 0.05813776741499453
4491, 0.05813776741499453
8901, 0.05813776741499453
8949, 0.05813776741499453
3855, 0.05813776741499453
1244, 0.05813776741499453
1284, 0.05813776741499453
1299, 0.05813776741499453
2324, 0.05813776741499453
2875, 0.05813776741499453
2884, 0.05813776741499453
3592, 0.05813776741499453
4193, 0.05813776741499453
8827, 0.05813776741499453
8851, 0.05813776741499453
8909, 0.05813776741499453
8925, 0.05813776741499453
8931, 0.05813776741499453
9130, 0.05813776741499453
9132, 0.05813776741499453
9151, 0.05813776741499453
11, 0.05366563145999495
12, 0.05366563145999495
49, 0.05366563145999495
213, 0.05366563145999495
623, 0.05366563145999495
1177, 0.05366563145999495
1214, 0.05366563145999495
1398, 0.05366563145999495
1432, 0.05366563145999495
1468, 0.05366563145999495
1544, 0.05366563145999495
1585, 0.05366563145999495
1856, 0.05366563145999495
2226, 0.05366563145999495
2279, 0.05366563145999495
2357, 0.05366563145999495
2885, 0.05366563145999495
2970, 0.05366563145999495
3151, 0.05366563145999495
3152, 0.05366563145999495
3879, 0.05366563145999495
4049, 0.05366563145999495
4116, 0.05366563145999495
4214, 0.05366563145999495
4219, 0.05366563145999495
4248, 0.05366563145999495
4275, 0.05366563145999495
4387, 0.05366563145999495
4616, 0.05366563145999495
6022, 0.05366563145999495
6044, 0.05366563145999495
6065, 0.05366563145999495
8879, 0.05366563145999495
8977, 0.05366563145999495
8988, 0.05366563145999495
542, 0.05366563145999495
912, 0.05366563145999495
1031, 0.05366563145999495
2206, 0.05366563145999495
2371, 0.05366563145999495
4725, 0.05366563145999495
8733, 0.05366563145999495
8764, 0.05366563145999495
8951, 0.05366563145999495
1313, 0.05366563145999495
1246, 0.05366563145999495
1565, 0.05366563145999495
2290, 0.05366563145999495
2888, 0.05366563145999495
3138, 0.05366563145999495
3247, 0.05366563145999495
3659, 0.05366563145999495
8769, 0.05366563145999495
8861, 0.05366563145999495
8885, 0.05366563145999495
8920, 0.05366563145999495
9056, 0.05366563145999495
9057, 0.05366563145999495
9111, 0.05366563145999495
9156, 0.05366563145999495
203, 0.049193495504995376
489, 0.049193495504995376
490, 0.049193495504995376
491, 0.049193495504995376
495, 0.049193495504995376
496, 0.049193495504995376
607, 0.049193495504995376
614, 0.049193495504995376
692, 0.049193495504995376
1059, 0.049193495504995376
1368, 0.049193495504995376
1421, 0.049193495504995376
1656, 0.049193495504995376
1790, 0.049193495504995376
1855, 0.049193495504995376
3062, 0.049193495504995376
3116, 0.049193495504995376
3131, 0.049193495504995376
3141, 0.049193495504995376
3153, 0.049193495504995376
3463, 0.049193495504995376
3485, 0.049193495504995376
3603, 0.049193495504995376
3858, 0.049193495504995376
4200, 0.049193495504995376
4226, 0.049193495504995376
4462, 0.049193495504995376
4529, 0.049193495504995376
4563, 0.049193495504995376
4689, 0.049193495504995376
4706, 0.049193495504995376
4734, 0.049193495504995376
4752, 0.049193495504995376
5796, 0.049193495504995376
527, 0.049193495504995376
544, 0.049193495504995376
918, 0.049193495504995376
1330, 0.049193495504995376
2340, 0.049193495504995376
3306, 0.049193495504995376
3354, 0.049193495504995376
4078, 0.049193495504995376
4545, 0.049193495504995376
4768, 0.049193495504995376
9031, 0.049193495504995376
487, 0.049193495504995376
1408, 0.049193495504995376
3830, 0.049193495504995376
4517, 0.049193495504995376
8816, 0.049193495504995376
218, 0.049193495504995376
1210, 0.049193495504995376
1278, 0.049193495504995376
1643, 0.049193495504995376
3249, 0.049193495504995376
9186, 0.049193495504995376
165, 0.044721359549995794
215, 0.044721359549995794
340, 0.044721359549995794
497, 0.044721359549995794
501, 0.044721359549995794
517, 0.044721359549995794
567, 0.044721359549995794
592, 0.044721359549995794
597, 0.044721359549995794
722, 0.044721359549995794
1339, 0.044721359549995794
1426, 0.044721359549995794
1484, 0.044721359549995794
1494, 0.044721359549995794
1508, 0.044721359549995794
1839, 0.044721359549995794
1862, 0.044721359549995794
2205, 0.044721359549995794
2320, 0.044721359549995794
2337, 0.044721359549995794
2979, 0.044721359549995794
3112, 0.044721359549995794
3129, 0.044721359549995794
3147, 0.044721359549995794
3467, 0.044721359549995794
3489, 0.044721359549995794
3498, 0.044721359549995794
3555, 0.044721359549995794
3564, 0.044721359549995794
3611, 0.044721359549995794
3643, 0.044721359549995794
3859, 0.044721359549995794
3895, 0.044721359549995794
4277, 0.044721359549995794
4373, 0.044721359549995794
4390, 0.044721359549995794
4512, 0.044721359549995794
4528, 0.044721359549995794
4580, 0.044721359549995794
4617, 0.044721359549995794
4723, 0.044721359549995794
4950, 0.044721359549995794
5583, 0.044721359549995794
6217, 0.044721359549995794
8969, 0.044721359549995794
580, 0.044721359549995794
1846, 0.044721359549995794
2323, 0.044721359549995794
3378, 0.044721359549995794
4668, 0.044721359549995794
4697, 0.044721359549995794
8852, 0.044721359549995794
3456, 0.044721359549995794
204, 0.044721359549995794
207, 0.044721359549995794
217, 0.044721359549995794
905, 0.044721359549995794
1242, 0.044721359549995794
1844, 0.044721359549995794
2881, 0.044721359549995794
3457, 0.044721359549995794
4335, 0.044721359549995794
5990, 0.044721359549995794
8765, 0.044721359549995794
8766, 0.044721359549995794
8792, 0.044721359549995794
9006, 0.044721359549995794
9047, 0.044721359549995794
9184, 0.044721359549995794
493, 0.04024922359499621
508, 0.04024922359499621
1040, 0.04024922359499621
1052, 0.04024922359499621
1303, 0.04024922359499621
1464, 0.04024922359499621
1482, 0.04024922359499621
1723, 0.04024922359499621
2338, 0.04024922359499621
2883, 0.04024922359499621
3136, 0.04024922359499621
3871, 0.04024922359499621
4382, 0.04024922359499621
4386, 0.04024922359499621
4409, 0.04024922359499621
4483, 0.04024922359499621
4518, 0.04024922359499621
4626, 0.04024922359499621
4761, 0.04024922359499621
4911, 0.04024922359499621
5019, 0.04024922359499621
5395, 0.04024922359499621
9082, 0.04024922359499621
3, 0.04024922359499621
1340, 0.04024922359499621
1809, 0.04024922359499621
3846, 0.04024922359499621
4741, 0.04024922359499621
8874, 0.04024922359499621
9064, 0.04024922359499621
3124, 0.04024922359499621
1256, 0.04024922359499621
2208, 0.04024922359499621
8783, 0.04024922359499621
8825, 0.04024922359499621
8845, 0.04024922359499621
8883, 0.04024922359499621
8937, 0.04024922359499621
9127, 0.04024922359499621
572, 0.03577708763999664
584, 0.03577708763999664
598, 0.03577708763999664
600, 0.03577708763999664
1033, 0.03577708763999664
1191, 0.03577708763999664
1321, 0.03577708763999664
1491, 0.03577708763999664
3834, 0.03577708763999664
3867, 0.03577708763999664
4394, 0.03577708763999664
4743, 0.03577708763999664
5644, 0.03577708763999664
5742, 0.03577708763999664
9176, 0.03577708763999664
1810, 0.03577708763999664
4702, 0.03577708763999664
8891, 0.03577708763999664
4736, 0.03577708763999664
9049, 0.03577708763999664
1319, 0.026832815729997475
4184, 0.026832815729997475
