9279, 0.2898562862293428
9276, 0.23678400846904057
1816, 0.21637159394584743
5063, 0.20412414523193154
9101, 0.1837117307087384
194, 0.17554676489946114
8996, 0.17554676489946114
2893, 0.17554676489946114
923, 0.16738179909018386
941, 0.16738179909018386
3707, 0.16738179909018386
1347, 0.16738179909018386
3326, 0.16738179909018386
4324, 0.16329931618554525
3457, 0.155134350376268
1069, 0.15513435037626797
3296, 0.15513435037626797
4323, 0.15513435037626797
5065, 0.15513435037626797
9056, 0.15513435037626797
1647, 0.15513435037626797
9129, 0.15513435037626797
1805, 0.15105186747162935
715, 0.15105186747162933
1418, 0.1469693845669907
1253, 0.1469693845669907
1270, 0.14288690166235207
1621, 0.14288690166235207
2896, 0.14288690166235207
4626, 0.14288690166235207
175, 0.14288690166235207
1088, 0.13880441875771346
1132, 0.13880441875771346
8921, 0.13880441875771346
3333, 0.13880441875771346
538, 0.13880441875771343
4256, 0.13880441875771343
192, 0.13472193585307482
987, 0.13472193585307482
988, 0.13472193585307482
1282, 0.13472193585307482
3674, 0.13472193585307482
2834, 0.13472193585307482
4262, 0.1347219358530748
8899, 0.13063945294843618
4775, 0.13063945294843618
2230, 0.13063945294843618
3708, 0.13063945294843618
5064, 0.13063945294843618
1821, 0.13063945294843618
8802, 0.12655697004379757
1271, 0.12655697004379757
1291, 0.12655697004379757
1220, 0.12247448713915893
1236, 0.12247448713915893
1593, 0.12247448713915893
9096, 0.12247448713915893
2877, 0.12247448713915893
642, 0.12247448713915893
1299, 0.12247448713915893
1851, 0.12247448713915893
2371, 0.12247448713915893
9171, 0.12247448713915891
1222, 0.12247448713915891
18, 0.12247448713915891
2322, 0.12247448713915891
714, 0.12247448713915891
645, 0.11839200423452029
1284, 0.11839200423452029
1037, 0.11839200423452029
8747, 0.11839200423452029
3311, 0.11839200423452029
19, 0.11430952132988167
3122, 0.11430952132988167
4316, 0.11430952132988167
8852, 0.11430952132988167
9067, 0.11430952132988167
2869, 0.11430952132988167
1591, 0.11430952132988167
3357, 0.11430952132988167
9145, 0.11430952132988167
2858, 0.11430952132988167
3293, 0.11430952132988167
11, 0.11430952132988166
9050, 0.11430952132988166
449, 0.11430952132988165
1432, 0.11430952132988165
704, 0.11022703842524303
1066, 0.11022703842524303
1514, 0.11022703842524303
3472, 0.11022703842524303
9152, 0.11022703842524303
3144, 0.11022703842524302
676, 0.10614455552060441
1087, 0.10614455552060441
1241, 0.10614455552060441
1302, 0.10614455552060441
1262, 0.10614455552060441
2835, 0.10614455552060441
4242, 0.10614455552060441
8845, 0.10614455552060441
8951, 0.10614455552060441
3859, 0.1061445555206044
2892, 0.1061445555206044
897, 0.10206207261596578
1243, 0.10206207261596578
9032, 0.10206207261596578
680, 0.10206207261596578
9039, 0.10206207261596577
1076, 0.10206207261596577
9066, 0.10206207261596577
9137, 0.10206207261596577
2319, 0.10206207261596577
2850, 0.10206207261596577
14, 0.09797958971132714
1267, 0.09797958971132714
4221, 0.09797958971132714
9058, 0.09797958971132714
193, 0.09797958971132714
3337, 0.09797958971132714
2776, 0.09797958971132713
170, 0.09797958971132713
4303, 0.09797958971132713
8769, 0.09797958971132713
198, 0.09797958971132713
688, 0.09797958971132713
1655, 0.09797958971132713
3287, 0.09797958971132713
8751, 0.09797958971132713
628, 0.09389710680668852
1397, 0.09389710680668852
1839, 0.09389710680668852
3111, 0.09389710680668852
3879, 0.09389710680668852
8864, 0.09389710680668852
21, 0.09389710680668852
2324, 0.09389710680668852
3350, 0.09389710680668852
8854, 0.08981462390204989
8891, 0.08981462390204989
539, 0.08981462390204988
892, 0.08981462390204988
973, 0.08981462390204988
2093, 0.08981462390204988
3291, 0.08981462390204988
3554, 0.08981462390204988
4529, 0.08981462390204988
513, 0.08981462390204988
3513, 0.08981462390204988
4110, 0.08981462390204988
4241, 0.08981462390204988
4247, 0.08981462390204988
4259, 0.08981462390204988
4738, 0.08981462390204988
8760, 0.08981462390204988
672, 0.08981462390204988
1850, 0.08981462390204988
4257, 0.08981462390204988
4306, 0.08981462390204988
1170, 0.08573214099741125
1280, 0.08573214099741125
8874, 0.08573214099741125
1625, 0.08573214099741125
8830, 0.08573214099741125
9275, 0.08573214099741124
691, 0.08573214099741124
724, 0.08573214099741124
1169, 0.08573214099741124
1653, 0.08573214099741124
1820, 0.08573214099741124
8836, 0.08573214099741124
215, 0.08164965809277262
442, 0.08164965809277262
1034, 0.08164965809277262
1218, 0.08164965809277262
1260, 0.08164965809277262
4739, 0.08164965809277262
5126, 0.08164965809277262
8873, 0.08164965809277262
1205, 0.08164965809277262
185, 0.08164965809277262
1519, 0.08164965809277262
2126, 0.08164965809277262
2888, 0.08164965809277262
3148, 0.08164965809277262
3151, 0.08164965809277262
3341, 0.08164965809277262
3538, 0.08164965809277262
4099, 0.08164965809277262
8815, 0.08164965809277262
191, 0.08164965809277262
199, 0.08164965809277262
201, 0.08164965809277262
656, 0.08164965809277262
682, 0.08164965809277262
716, 0.08164965809277262
1278, 0.08164965809277262
1283, 0.08164965809277262
1608, 0.08164965809277262
1788, 0.08164965809277262
3299, 0.08164965809277262
3462, 0.08164965809277262
8766, 0.08164965809277262
8992, 0.08164965809277261
540, 0.07756717518813398
907, 0.07756717518813398
3108, 0.07756717518813398
4701, 0.07756717518813398
514, 0.07756717518813398
1133, 0.07756717518813398
3600, 0.07756717518813398
4245, 0.07756717518813398
4477, 0.07756717518813398
8895, 0.07756717518813398
9154, 0.07756717518813398
208, 0.07756717518813398
568, 0.07756717518813398
689, 0.07756717518813398
721, 0.07756717518813398
1255, 0.07756717518813398
1808, 0.07756717518813398
3115, 0.07756717518813398
3120, 0.07756717518813398
3607, 0.07756717518813398
3843, 0.07756717518813398
3854, 0.07756717518813398
4668, 0.07756717518813398
8798, 0.07756717518813398
8812, 0.07756717518813398
8926, 0.07756717518813398
338, 0.07348469228349536
1030, 0.07348469228349536
1070, 0.07348469228349536
1198, 0.07348469228349536
1544, 0.07348469228349536
1723, 0.07348469228349536
1789, 0.07348469228349536
2200, 0.07348469228349536
3283, 0.07348469228349536
3814, 0.07348469228349536
4457, 0.07348469228349536
4582, 0.07348469228349536
4703, 0.07348469228349536
9127, 0.07348469228349536
9172, 0.07348469228349536
9253, 0.07348469228349536
9361, 0.07348469228349536
1574, 0.07348469228349536
506, 0.07348469228349536
1009, 0.07348469228349536
1040, 0.07348469228349536
1098, 0.07348469228349536
1171, 0.07348469228349536
1308, 0.07348469228349536
1369, 0.07348469228349536
1513, 0.07348469228349536
1517, 0.07348469228349536
2104, 0.07348469228349536
2333, 0.07348469228349536
3328, 0.07348469228349536
3539, 0.07348469228349536
4057, 0.07348469228349536
4206, 0.07348469228349536
4207, 0.07348469228349536
4211, 0.07348469228349536
4251, 0.07348469228349536
4337, 0.07348469228349536
4674, 0.07348469228349536
5632, 0.07348469228349536
6078, 0.07348469228349536
8746, 0.07348469228349536
8757, 0.07348469228349536
8875, 0.07348469228349536
9125, 0.07348469228349536
546, 0.07348469228349536
679, 0.07348469228349536
1207, 0.07348469228349536
1217, 0.07348469228349536
1391, 0.07348469228349536
1796, 0.07348469228349536
1817, 0.07348469228349536
2205, 0.07348469228349536
2361, 0.07348469228349536
4220, 0.07348469228349536
4776, 0.07348469228349536
9147, 0.07348469228349536
3336, 0.06940220937885673
957, 0.06940220937885673
1137, 0.06940220937885673
1350, 0.06940220937885673
3080, 0.06940220937885673
3349, 0.06940220937885673
3469, 0.06940220937885673
3504, 0.06940220937885673
4083, 0.06940220937885673
4205, 0.06940220937885673
4240, 0.06940220937885673
4263, 0.06940220937885673
4320, 0.06940220937885673
4401, 0.06940220937885673
4434, 0.06940220937885673
4449, 0.06940220937885673
4972, 0.06940220937885673
5780, 0.06940220937885673
8881, 0.06940220937885673
8966, 0.06940220937885673
9001, 0.06940220937885673
6, 0.06940220937885673
172, 0.06940220937885673
1213, 0.06940220937885673
1231, 0.06940220937885673
1238, 0.06940220937885673
1254, 0.06940220937885673
1300, 0.06940220937885673
1786, 0.06940220937885673
1833, 0.06940220937885673
2216, 0.06940220937885673
2320, 0.06940220937885673
2873, 0.06940220937885673
3251, 0.06940220937885673
3297, 0.06940220937885673
3317, 0.06940220937885673
8844, 0.06940220937885673
8890, 0.06940220937885673
8901, 0.06940220937885673
8950, 0.06940220937885673
8999, 0.06940220937885673
9031, 0.06940220937885673
584, 0.06531972647421809
639, 0.06531972647421809
683, 0.06531972647421809
1083, 0.06531972647421809
1089, 0.06531972647421809
1125, 0.06531972647421809
3355, 0.06531972647421809
4172, 0.06531972647421809
4950, 0.06531972647421809
8779, 0.06531972647421809
8792, 0.06531972647421809
9163, 0.06531972647421809
13, 0.06531972647421809
567, 0.06531972647421809
598, 0.06531972647421809
600, 0.06531972647421809
658, 0.06531972647421809
1060, 0.06531972647421809
1104, 0.06531972647421809
1366, 0.06531972647421809
1510, 0.06531972647421809
1585, 0.06531972647421809
2874, 0.06531972647421809
3085, 0.06531972647421809
3266, 0.06531972647421809
3300, 0.06531972647421809
3335, 0.06531972647421809
3490, 0.06531972647421809
3556, 0.06531972647421809
3596, 0.06531972647421809
4171, 0.06531972647421809
4231, 0.06531972647421809
4234, 0.06531972647421809
4248, 0.06531972647421809
4461, 0.06531972647421809
8877, 0.06531972647421809
8905, 0.06531972647421809
702, 0.06531972647421809
703, 0.06531972647421809
708, 0.06531972647421809
901, 0.06531972647421809
1206, 0.06531972647421809
1261, 0.06531972647421809
1276, 0.06531972647421809
1509, 0.06531972647421809
3288, 0.06531972647421809
3598, 0.06531972647421809
4114, 0.06531972647421809
4630, 0.06531972647421809
4744, 0.06531972647421809
8894, 0.06531972647421809
8897, 0.06531972647421809
9064, 0.06531972647421809
991, 0.06123724356957946
1029, 0.06123724356957946
1377, 0.06123724356957946
1615, 0.06123724356957946
3011, 0.06123724356957946
3197, 0.06123724356957946
4696, 0.06123724356957946
490, 0.06123724356957946
515, 0.06123724356957946
551, 0.06123724356957946
1304, 0.06123724356957946
1468, 0.06123724356957946
1626, 0.06123724356957946
1636, 0.06123724356957946
1689, 0.06123724356957946
2334, 0.06123724356957946
3153, 0.06123724356957946
3844, 0.06123724356957946
4209, 0.06123724356957946
4275, 0.06123724356957946
4298, 0.06123724356957946
4416, 0.06123724356957946
4496, 0.06123724356957946
4524, 0.06123724356957946
4671, 0.06123724356957946
5242, 0.06123724356957946
6076, 0.06123724356957946
9065, 0.06123724356957946
9109, 0.06123724356957946
9272, 0.06123724356957946
686, 0.06123724356957946
693, 0.06123724356957946
720, 0.06123724356957946
902, 0.06123724356957946
908, 0.06123724356957946
1204, 0.06123724356957946
1245, 0.06123724356957946
1257, 0.06123724356957946
3315, 0.06123724356957946
3833, 0.06123724356957946
4333, 0.06123724356957946
8791, 0.06123724356957946
8811, 0.06123724356957946
8831, 0.06123724356957946
8907, 0.06123724356957946
8931, 0.06123724356957946
9086, 0.06123724356957946
548, 0.05715476066494084
1235, 0.05715476066494084
2106, 0.05715476066494084
3010, 0.05715476066494084
3256, 0.05715476066494084
3313, 0.05715476066494084
4363, 0.05715476066494084
4438, 0.05715476066494084
4621, 0.05715476066494084
4718, 0.05715476066494084
8729, 0.05715476066494084
8960, 0.05715476066494084
8984, 0.05715476066494084
9043, 0.05715476066494084
9121, 0.05715476066494084
9169, 0.05715476066494084
184, 0.05715476066494084
482, 0.05715476066494084
500, 0.05715476066494084
560, 0.05715476066494084
868, 0.05715476066494084
1363, 0.05715476066494084
1550, 0.05715476066494084
1631, 0.05715476066494084
1835, 0.05715476066494084
2204, 0.05715476066494084
2262, 0.05715476066494084
2325, 0.05715476066494084
3294, 0.05715476066494084
3488, 0.05715476066494084
3497, 0.05715476066494084
3530, 0.05715476066494084
3573, 0.05715476066494084
3601, 0.05715476066494084
4227, 0.05715476066494084
4229, 0.05715476066494084
4279, 0.05715476066494084
4422, 0.05715476066494084
4694, 0.05715476066494084
6080, 0.05715476066494084
8780, 0.05715476066494084
8853, 0.05715476066494084
9328, 0.05715476066494084
9330, 0.05715476066494084
9332, 0.05715476066494084
522, 0.05715476066494084
678, 0.05715476066494084
687, 0.05715476066494084
711, 0.05715476066494084
712, 0.05715476066494084
713, 0.05715476066494084
909, 0.05715476066494084
1264, 0.05715476066494084
1287, 0.05715476066494084
1290, 0.05715476066494084
1294, 0.05715476066494084
1361, 0.05715476066494084
1842, 0.05715476066494084
1852, 0.05715476066494084
3114, 0.05715476066494084
3141, 0.05715476066494084
3510, 0.05715476066494084
3518, 0.05715476066494084
4053, 0.05715476066494084
4105, 0.05715476066494084
4743, 0.05715476066494084
8793, 0.05715476066494084
8906, 0.05715476066494084
9036, 0.05715476066494084
9122, 0.05715476066494084
9135, 0.05715476066494084
9149, 0.05715476066494084
565, 0.053072277760302204
573, 0.053072277760302204
1545, 0.053072277760302204
2959, 0.053072277760302204
2996, 0.053072277760302204
3369, 0.053072277760302204
3895, 0.053072277760302204
4031, 0.053072277760302204
4402, 0.053072277760302204
4405, 0.053072277760302204
4772, 0.053072277760302204
4943, 0.053072277760302204
345, 0.053072277760302204
589, 0.053072277760302204
719, 0.053072277760302204
944, 0.053072277760302204
1131, 0.053072277760302204
1201, 0.053072277760302204
1337, 0.053072277760302204
1427, 0.053072277760302204
1582, 0.053072277760302204
1724, 0.053072277760302204
1806, 0.053072277760302204
2095, 0.053072277760302204
2210, 0.053072277760302204
3005, 0.053072277760302204
3134, 0.053072277760302204
3377, 0.053072277760302204
3458, 0.053072277760302204
3483, 0.053072277760302204
3526, 0.053072277760302204
3611, 0.053072277760302204
3928, 0.053072277760302204
4061, 0.053072277760302204
4068, 0.053072277760302204
4080, 0.053072277760302204
4117, 0.053072277760302204
4143, 0.053072277760302204
4223, 0.053072277760302204
4244, 0.053072277760302204
4250, 0.053072277760302204
4274, 0.053072277760302204
4300, 0.053072277760302204
4301, 0.053072277760302204
4376, 0.053072277760302204
4409, 0.053072277760302204
4617, 0.053072277760302204
4679, 0.053072277760302204
5328, 0.053072277760302204
6021, 0.053072277760302204
6186, 0.053072277760302204
8835, 0.053072277760302204
8878, 0.053072277760302204
8943, 0.053072277760302204
8980, 0.053072277760302204
9166, 0.053072277760302204
9302, 0.053072277760302204
1013, 0.053072277760302204
1244, 0.053072277760302204
1277, 0.053072277760302204
1286, 0.053072277760302204
1324, 0.053072277760302204
1344, 0.053072277760302204
1429, 0.053072277760302204
1460, 0.053072277760302204
1563, 0.053072277760302204
2339, 0.053072277760302204
3127, 0.053072277760302204
3818, 0.053072277760302204
4085, 0.053072277760302204
4491, 0.053072277760302204
8750, 0.053072277760302204
8823, 0.053072277760302204
8827, 0.053072277760302204
8837, 0.053072277760302204
9102, 0.053072277760302204
583, 0.048989794855663564
655, 0.048989794855663564
718, 0.048989794855663564
1031, 0.048989794855663564
1112, 0.048989794855663564
1298, 0.048989794855663564
3136, 0.048989794855663564
3586, 0.048989794855663564
4424, 0.048989794855663564
4742, 0.048989794855663564
6018, 0.048989794855663564
9087, 0.048989794855663564
9176, 0.048989794855663564
421, 0.048989794855663564
499, 0.048989794855663564
633, 0.048989794855663564
673, 0.048989794855663564
677, 0.048989794855663564
939, 0.048989794855663564
979, 0.048989794855663564
998, 0.048989794855663564
1036, 0.048989794855663564
1177, 0.048989794855663564
1191, 0.048989794855663564
1202, 0.048989794855663564
1223, 0.048989794855663564
1375, 0.048989794855663564
1464, 0.048989794855663564
1500, 0.048989794855663564
1533, 0.048989794855663564
1535, 0.048989794855663564
1546, 0.048989794855663564
1567, 0.048989794855663564
1658, 0.048989794855663564
1731, 0.048989794855663564
1744, 0.048989794855663564
2094, 0.048989794855663564
2231, 0.048989794855663564
2321, 0.048989794855663564
2337, 0.048989794855663564
2350, 0.048989794855663564
2369, 0.048989794855663564
3083, 0.048989794855663564
3318, 0.048989794855663564
3334, 0.048989794855663564
3360, 0.048989794855663564
3433, 0.048989794855663564
3482, 0.048989794855663564
3486, 0.048989794855663564
3491, 0.048989794855663564
4017, 0.048989794855663564
4033, 0.048989794855663564
4049, 0.048989794855663564
4071, 0.048989794855663564
4112, 0.048989794855663564
4210, 0.048989794855663564
4214, 0.048989794855663564
4260, 0.048989794855663564
4278, 0.048989794855663564
4310, 0.048989794855663564
4328, 0.048989794855663564
4332, 0.048989794855663564
4366, 0.048989794855663564
4459, 0.048989794855663564
4615, 0.048989794855663564
4616, 0.048989794855663564
4942, 0.048989794855663564
5135, 0.048989794855663564
5685, 0.048989794855663564
5950, 0.048989794855663564
6044, 0.048989794855663564
6079, 0.048989794855663564
8920, 0.048989794855663564
8977, 0.048989794855663564
9012, 0.048989794855663564
9089, 0.048989794855663564
9363, 0.048989794855663564
685, 0.048989794855663564
903, 0.048989794855663564
1239, 0.048989794855663564
1275, 0.048989794855663564
1285, 0.048989794855663564
1338, 0.048989794855663564
1635, 0.048989794855663564
1747, 0.048989794855663564
1795, 0.048989794855663564
2883, 0.048989794855663564
3121, 0.048989794855663564
3247, 0.048989794855663564
3250, 0.048989794855663564
3331, 0.048989794855663564
3464, 0.048989794855663564
3569, 0.048989794855663564
3888, 0.048989794855663564
4232, 0.048989794855663564
4302, 0.048989794855663564
4331, 0.048989794855663564
4687, 0.048989794855663564
4767, 0.048989794855663564
8937, 0.048989794855663564
9091, 0.048989794855663564
9156, 0.048989794855663564
1306, 0.048989794855663564
163, 0.04490731195102494
218, 0.04490731195102494
443, 0.04490731195102494
571, 0.04490731195102494
976, 0.04490731195102494
1226, 0.04490731195102494
1421, 0.04490731195102494
2355, 0.04490731195102494
2960, 0.04490731195102494
2978, 0.04490731195102494
2980, 0.04490731195102494
2983, 0.04490731195102494
3017, 0.04490731195102494
3100, 0.04490731195102494
3149, 0.04490731195102494
3198, 0.04490731195102494
3309, 0.04490731195102494
3352, 0.04490731195102494
3654, 0.04490731195102494
4079, 0.04490731195102494
4377, 0.04490731195102494
4429, 0.04490731195102494
4610, 0.04490731195102494
4618, 0.04490731195102494
8771, 0.04490731195102494
8944, 0.04490731195102494
8987, 0.04490731195102494
9158, 0.04490731195102494
9173, 0.04490731195102494
16, 0.04490731195102494
22, 0.04490731195102494
190, 0.04490731195102494
346, 0.04490731195102494
446, 0.04490731195102494
473, 0.04490731195102494
485, 0.04490731195102494
496, 0.04490731195102494
498, 0.04490731195102494
557, 0.04490731195102494
558, 0.04490731195102494
582, 0.04490731195102494
975, 0.04490731195102494
1003, 0.04490731195102494
1052, 0.04490731195102494
1176, 0.04490731195102494
1307, 0.04490731195102494
1330, 0.04490731195102494
1362, 0.04490731195102494
1368, 0.04490731195102494
1373, 0.04490731195102494
1401, 0.04490731195102494
1408, 0.04490731195102494
1440, 0.04490731195102494
1449, 0.04490731195102494
1466, 0.04490731195102494
1502, 0.04490731195102494
1534, 0.04490731195102494
1629, 0.04490731195102494
1855, 0.04490731195102494
1858, 0.04490731195102494
2326, 0.04490731195102494
2945, 0.04490731195102494
3106, 0.04490731195102494
3343, 0.04490731195102494
3354, 0.04490731195102494
3509, 0.04490731195102494
3551, 0.04490731195102494
3642, 0.04490731195102494
3845, 0.04490731195102494
3909, 0.04490731195102494
4052, 0.04490731195102494
4169, 0.04490731195102494
4177, 0.04490731195102494
4179, 0.04490731195102494
4202, 0.04490731195102494
4208, 0.04490731195102494
4235, 0.04490731195102494
4265, 0.04490731195102494
4270, 0.04490731195102494
4283, 0.04490731195102494
4307, 0.04490731195102494
4352, 0.04490731195102494
4398, 0.04490731195102494
4624, 0.04490731195102494
4706, 0.04490731195102494
5136, 0.04490731195102494
5264, 0.04490731195102494
5568, 0.04490731195102494
5697, 0.04490731195102494
6077, 0.04490731195102494
8818, 0.04490731195102494
8969, 0.04490731195102494
8986, 0.04490731195102494
9020, 0.04490731195102494
9048, 0.04490731195102494
9053, 0.04490731195102494
9082, 0.04490731195102494
9204, 0.04490731195102494
9326, 0.04490731195102494
618, 0.04490731195102494
893, 0.04490731195102494
904, 0.04490731195102494
1189, 0.04490731195102494
1229, 0.04490731195102494
1274, 0.04490731195102494
1360, 0.04490731195102494
1798, 0.04490731195102494
2196, 0.04490731195102494
3117, 0.04490731195102494
3126, 0.04490731195102494
3143, 0.04490731195102494
3319, 0.04490731195102494
3361, 0.04490731195102494
3463, 0.04490731195102494
4126, 0.04490731195102494
4768, 0.04490731195102494
8789, 0.04490731195102494
8859, 0.04490731195102494
8910, 0.04490731195102494
9038, 0.04490731195102494
9180, 0.04490731195102494
9259, 0.04490731195102494
12, 0.04082482904638631
23, 0.04082482904638631
165, 0.04082482904638631
466, 0.04082482904638631
554, 0.04082482904638631
562, 0.04082482904638631
574, 0.04082482904638631
634, 0.04082482904638631
1233, 0.04082482904638631
1263, 0.04082482904638631
1309, 0.04082482904638631
1311, 0.04082482904638631
1365, 0.04082482904638631
1551, 0.04082482904638631
1688, 0.04082482904638631
2269, 0.04082482904638631
2880, 0.04082482904638631
2884, 0.04082482904638631
3378, 0.04082482904638631
3830, 0.04082482904638631
3880, 0.04082482904638631
4193, 0.04082482904638631
4373, 0.04082482904638631
4435, 0.04082482904638631
4485, 0.04082482904638631
4546, 0.04082482904638631
4580, 0.04082482904638631
4619, 0.04082482904638631
4787, 0.04082482904638631
5290, 0.04082482904638631
8765, 0.04082482904638631
8851, 0.04082482904638631
8925, 0.04082482904638631
8935, 0.04082482904638631
9021, 0.04082482904638631
183, 0.04082482904638631
497, 0.04082482904638631
511, 0.04082482904638631
526, 0.04082482904638631
529, 0.04082482904638631
1126, 0.04082482904638631
1182, 0.04082482904638631
1183, 0.04082482904638631
1184, 0.04082482904638631
1193, 0.04082482904638631
1310, 0.04082482904638631
1372, 0.04082482904638631
1462, 0.04082482904638631
1496, 0.04082482904638631
1516, 0.04082482904638631
1564, 0.04082482904638631
1566, 0.04082482904638631
1587, 0.04082482904638631
1610, 0.04082482904638631
1787, 0.04082482904638631
1791, 0.04082482904638631
1840, 0.04082482904638631
1854, 0.04082482904638631
1862, 0.04082482904638631
2138, 0.04082482904638631
2323, 0.04082482904638631
2992, 0.04082482904638631
3112, 0.04082482904638631
3147, 0.04082482904638631
3301, 0.04082482904638631
3432, 0.04082482904638631
3498, 0.04082482904638631
3499, 0.04082482904638631
3502, 0.04082482904638631
3549, 0.04082482904638631
3564, 0.04082482904638631
3900, 0.04082482904638631
4116, 0.04082482904638631
4204, 0.04082482904638631
4228, 0.04082482904638631
4296, 0.04082482904638631
4311, 0.04082482904638631
4348, 0.04082482904638631
4399, 0.04082482904638631
4423, 0.04082482904638631
4456, 0.04082482904638631
4552, 0.04082482904638631
4568, 0.04082482904638631
4625, 0.04082482904638631
4750, 0.04082482904638631
4763, 0.04082482904638631
4944, 0.04082482904638631
4946, 0.04082482904638631
5150, 0.04082482904638631
5963, 0.04082482904638631
6001, 0.04082482904638631
8799, 0.04082482904638631
8970, 0.04082482904638631
8972, 0.04082482904638631
9106, 0.04082482904638631
9197, 0.04082482904638631
209, 0.04082482904638631
211, 0.04082482904638631
457, 0.04082482904638631
469, 0.04082482904638631
552, 0.04082482904638631
590, 0.04082482904638631
596, 0.04082482904638631
705, 0.04082482904638631
722, 0.04082482904638631
905, 0.04082482904638631
906, 0.04082482904638631
1242, 0.04082482904638631
1265, 0.04082482904638631
1523, 0.04082482904638631
1559, 0.04082482904638631
1684, 0.04082482904638631
1793, 0.04082482904638631
1813, 0.04082482904638631
2881, 0.04082482904638631
2890, 0.04082482904638631
4455, 0.04082482904638631
4535, 0.04082482904638631
4592, 0.04082482904638631
4760, 0.04082482904638631
8758, 0.04082482904638631
8809, 0.04082482904638631
8936, 0.04082482904638631
9033, 0.04082482904638631
8, 0.03674234614174768
169, 0.03674234614174768
344, 0.03674234614174768
641, 0.03674234614174768
1209, 0.03674234614174768
1293, 0.03674234614174768
1319, 0.03674234614174768
1345, 0.03674234614174768
1478, 0.03674234614174768
1531, 0.03674234614174768
1609, 0.03674234614174768
2882, 0.03674234614174768
3500, 0.03674234614174768
3846, 0.03674234614174768
3866, 0.03674234614174768
4342, 0.03674234614174768
4495, 0.03674234614174768
4538, 0.03674234614174768
4607, 0.03674234614174768
4715, 0.03674234614174768
4727, 0.03674234614174768
6015, 0.03674234614174768
8849, 0.03674234614174768
8883, 0.03674234614174768
213, 0.03674234614174768
569, 0.03674234614174768
636, 0.03674234614174768
898, 0.03674234614174768
978, 0.03674234614174768
1059, 0.03674234614174768
1303, 0.03674234614174768
1352, 0.03674234614174768
1407, 0.03674234614174768
1470, 0.03674234614174768
1482, 0.03674234614174768
1483, 0.03674234614174768
1490, 0.03674234614174768
1499, 0.03674234614174768
1571, 0.03674234614174768
1640, 0.03674234614174768
1717, 0.03674234614174768
1721, 0.03674234614174768
1857, 0.03674234614174768
2358, 0.03674234614174768
3082, 0.03674234614174768
3557, 0.03674234614174768
3655, 0.03674234614174768
3901, 0.03674234614174768
4065, 0.03674234614174768
4103, 0.03674234614174768
4104, 0.03674234614174768
4199, 0.03674234614174768
4222, 0.03674234614174768
4236, 0.03674234614174768
4288, 0.03674234614174768
4384, 0.03674234614174768
4441, 0.03674234614174768
4474, 0.03674234614174768
4483, 0.03674234614174768
4695, 0.03674234614174768
4778, 0.03674234614174768
4911, 0.03674234614174768
5859, 0.03674234614174768
8825, 0.03674234614174768
8861, 0.03674234614174768
9068, 0.03674234614174768
9114, 0.03674234614174768
9142, 0.03674234614174768
9196, 0.03674234614174768
9369, 0.03674234614174768
196, 0.03674234614174768
604, 0.03674234614174768
644, 0.03674234614174768
648, 0.03674234614174768
919, 0.03674234614174768
1214, 0.03674234614174768
1335, 0.03674234614174768
1340, 0.03674234614174768
1448, 0.03674234614174768
1856, 0.03674234614174768
2263, 0.03674234614174768
2327, 0.03674234614174768
2872, 0.03674234614174768
3546, 0.03674234614174768
4041, 0.03674234614174768
4741, 0.03674234614174768
4759, 0.03674234614174768
4764, 0.03674234614174768
1178, 0.032659863237109045
1181, 0.032659863237109045
1398, 0.032659863237109045
1491, 0.032659863237109045
4035, 0.032659863237109045
4213, 0.032659863237109045
4314, 0.032659863237109045
4569, 0.032659863237109045
4709, 0.032659863237109045
4710, 0.032659863237109045
5091, 0.032659863237109045
8903, 0.032659863237109045
9005, 0.032659863237109045
9118, 0.032659863237109045
630, 0.032659863237109045
946, 0.032659863237109045
1058, 0.032659863237109045
1190, 0.032659863237109045
1195, 0.032659863237109045
1392, 0.032659863237109045
1412, 0.032659863237109045
1487, 0.032659863237109045
1716, 0.032659863237109045
3547, 0.032659863237109045
3562, 0.032659863237109045
3832, 0.032659863237109045
3835, 0.032659863237109045
4184, 0.032659863237109045
4192, 0.032659863237109045
4287, 0.032659863237109045
4428, 0.032659863237109045
4632, 0.032659863237109045
4723, 0.032659863237109045
5797, 0.032659863237109045
8978, 0.032659863237109045
535, 0.032659863237109045
572, 0.032659863237109045
605, 0.032659863237109045
1810, 0.032659863237109045
3661, 0.032659863237109045
4534, 0.032659863237109045
4724, 0.032659863237109045
9188, 0.032659863237109045
1064, 0.02857738033247042
1838, 0.02857738033247042
3105, 0.02857738033247042
1364, 0.02857738033247042
5096, 0.024494897427831782
