2622, 0.2886751345948129
4709, 0.22516660498395408
1647, 0.21939310229205783
9293, 0.2078460969082653
6182, 0.19052558883257653
3769, 0.18475208614068028
3777, 0.18475208614068028
4556, 0.18475208614068028
4508, 0.178978583448784
1511, 0.17320508075688776
9180, 0.17320508075688776
9177, 0.16743157806499148
2252, 0.16165807537309526
2259, 0.16165807537309526
4523, 0.16165807537309523
4050, 0.15588457268119899
5127, 0.15588457268119899
1057, 0.15011106998930274
4506, 0.15011106998930274
4281, 0.14433756729740646
4282, 0.13856406460551018
4634, 0.13856406460551018
4622, 0.13279056191361396
4633, 0.13279056191361394
509, 0.13279056191361394
620, 0.1270170592217177
676, 0.1270170592217177
3520, 0.1270170592217177
4091, 0.1270170592217177
4157, 0.1270170592217177
4635, 0.1270170592217177
9295, 0.1270170592217177
4711, 0.12124355652982144
1220, 0.12124355652982143
9368, 0.12124355652982143
1312, 0.12124355652982141
9166, 0.12124355652982141
470, 0.11547005383792518
474, 0.11547005383792518
617, 0.11547005383792518
681, 0.11547005383792518
1497, 0.11547005383792518
1536, 0.11547005383792518
2337, 0.11547005383792518
4392, 0.11547005383792518
4395, 0.11547005383792518
5032, 0.11547005383792518
3626, 0.11547005383792518
3868, 0.11547005383792516
1382, 0.10969655114602891
1424, 0.10969655114602891
3143, 0.10969655114602891
4477, 0.10969655114602891
4527, 0.10969655114602891
9250, 0.10969655114602891
9289, 0.10969655114602891
2941, 0.10969655114602891
169, 0.10392304845413265
1637, 0.10392304845413265
3516, 0.10392304845413265
3659, 0.10392304845413265
4280, 0.10392304845413265
4382, 0.10392304845413265
4520, 0.10392304845413265
4755, 0.10392304845413265
4201, 0.10392304845413265
471, 0.10392304845413265
472, 0.10392304845413265
581, 0.0981495457622364
643, 0.0981495457622364
1504, 0.0981495457622364
3469, 0.0981495457622364
3612, 0.0981495457622364
4378, 0.0981495457622364
4547, 0.0981495457622364
4603, 0.0981495457622364
5025, 0.0981495457622364
9071, 0.0981495457622364
2947, 0.0981495457622364
4531, 0.0981495457622364
430, 0.09237604307034014
577, 0.09237604307034014
585, 0.09237604307034014
1261, 0.09237604307034014
1438, 0.09237604307034014
1574, 0.09237604307034014
1580, 0.09237604307034014
1593, 0.09237604307034014
1652, 0.09237604307034014
2225, 0.09237604307034014
3593, 0.09237604307034014
4345, 0.09237604307034014
4494, 0.09237604307034014
4765, 0.09237604307034014
973, 0.09237604307034014
3627, 0.09237604307034014
2258, 0.09237604307034014
2867, 0.09237604307034014
5263, 0.09237604307034014
1053, 0.08660254037844388
1623, 0.08660254037844388
1669, 0.08660254037844388
1863, 0.08660254037844388
2896, 0.08660254037844388
3853, 0.08660254037844388
3892, 0.08660254037844388
3919, 0.08660254037844388
4146, 0.08660254037844388
4161, 0.08660254037844388
4790, 0.08660254037844388
5979, 0.08660254037844388
9178, 0.08660254037844388
9285, 0.08660254037844388
4342, 0.08660254037844388
4524, 0.08660254037844388
171, 0.08082903768654763
613, 0.08082903768654763
959, 0.08082903768654763
1173, 0.08082903768654763
1185, 0.08082903768654763
1352, 0.08082903768654763
1359, 0.08082903768654763
1361, 0.08082903768654763
1394, 0.08082903768654763
1501, 0.08082903768654763
1547, 0.08082903768654763
1721, 0.08082903768654763
2197, 0.08082903768654763
2968, 0.08082903768654763
3100, 0.08082903768654763
3442, 0.08082903768654763
3456, 0.08082903768654763
3613, 0.08082903768654763
4243, 0.08082903768654763
4317, 0.08082903768654763
4394, 0.08082903768654763
4473, 0.08082903768654763
5029, 0.08082903768654763
8774, 0.08082903768654763
8806, 0.08082903768654763
8976, 0.08082903768654763
8993, 0.08082903768654763
9077, 0.08082903768654763
1363, 0.08082903768654763
4710, 0.08082903768654763
3017, 0.08082903768654763
5260, 0.08082903768654763
9040, 0.08082903768654763
26, 0.07505553499465137
462, 0.07505553499465137
468, 0.07505553499465137
579, 0.07505553499465137
580, 0.07505553499465137
707, 0.07505553499465137
944, 0.07505553499465137
1353, 0.07505553499465137
1495, 0.07505553499465137
1612, 0.07505553499465137
1668, 0.07505553499465137
3458, 0.07505553499465137
3460, 0.07505553499465137
3474, 0.07505553499465137
3483, 0.07505553499465137
3588, 0.07505553499465137
3611, 0.07505553499465137
4029, 0.07505553499465137
4581, 0.07505553499465137
4617, 0.07505553499465137
4760, 0.07505553499465137
5019, 0.07505553499465137
5122, 0.07505553499465137
5261, 0.07505553499465137
5816, 0.07505553499465137
8947, 0.07505553499465137
9016, 0.07505553499465137
9119, 0.07505553499465137
9167, 0.07505553499465137
9258, 0.07505553499465137
1320, 0.07505553499465137
1752, 0.07505553499465137
3075, 0.07505553499465137
3819, 0.07505553499465137
4532, 0.07505553499465137
4976, 0.07505553499465137
9298, 0.07505553499465137
21, 0.06928203230275509
167, 0.06928203230275509
505, 0.06928203230275509
589, 0.06928203230275509
631, 0.06928203230275509
649, 0.06928203230275509
919, 0.06928203230275509
971, 0.06928203230275509
1031, 0.06928203230275509
1179, 0.06928203230275509
1306, 0.06928203230275509
1366, 0.06928203230275509
1419, 0.06928203230275509
1454, 0.06928203230275509
1480, 0.06928203230275509
1539, 0.06928203230275509
1658, 0.06928203230275509
1746, 0.06928203230275509
2214, 0.06928203230275509
2270, 0.06928203230275509
2321, 0.06928203230275509
2339, 0.06928203230275509
2362, 0.06928203230275509
2368, 0.06928203230275509
2877, 0.06928203230275509
2977, 0.06928203230275509
3318, 0.06928203230275509
3519, 0.06928203230275509
3653, 0.06928203230275509
3858, 0.06928203230275509
3901, 0.06928203230275509
4017, 0.06928203230275509
4123, 0.06928203230275509
4191, 0.06928203230275509
4232, 0.06928203230275509
4271, 0.06928203230275509
4331, 0.06928203230275509
4432, 0.06928203230275509
4459, 0.06928203230275509
4483, 0.06928203230275509
4537, 0.06928203230275509
4583, 0.06928203230275509
4612, 0.06928203230275509
4764, 0.06928203230275509
6104, 0.06928203230275509
9161, 0.06928203230275509
9369, 0.06928203230275509
2350, 0.06928203230275509
5014, 0.06928203230275509
5027, 0.06928203230275509
6035, 0.06928203230275509
443, 0.06350852961085884
454, 0.06350852961085884
473, 0.06350852961085884
535, 0.06350852961085884
582, 0.06350852961085884
607, 0.06350852961085884
1190, 0.06350852961085884
1401, 0.06350852961085884
1402, 0.06350852961085884
1440, 0.06350852961085884
1727, 0.06350852961085884
1855, 0.06350852961085884
2093, 0.06350852961085884
2282, 0.06350852961085884
2870, 0.06350852961085884
3531, 0.06350852961085884
3560, 0.06350852961085884
3573, 0.06350852961085884
3589, 0.06350852961085884
3833, 0.06350852961085884
4235, 0.06350852961085884
4352, 0.06350852961085884
4414, 0.06350852961085884
4421, 0.06350852961085884
4714, 0.06350852961085884
6160, 0.06350852961085884
8877, 0.06350852961085884
9036, 0.06350852961085884
9259, 0.06350852961085884
1199, 0.06350852961085884
1534, 0.06350852961085884
508, 0.06350852961085884
2250, 0.06350852961085884
3105, 0.06350852961085884
4430, 0.06350852961085884
4471, 0.06350852961085884
4510, 0.06350852961085884
4705, 0.06350852961085884
9090, 0.06350852961085884
9326, 0.06350852961085884
165, 0.05773502691896259
204, 0.05773502691896259
597, 0.05773502691896259
603, 0.05773502691896259
962, 0.05773502691896259
1064, 0.05773502691896259
1181, 0.05773502691896259
1380, 0.05773502691896259
1397, 0.05773502691896259
1414, 0.05773502691896259
1416, 0.05773502691896259
1443, 0.05773502691896259
1488, 0.05773502691896259
1514, 0.05773502691896259
1519, 0.05773502691896259
1527, 0.05773502691896259
1551, 0.05773502691896259
1661, 0.05773502691896259
1854, 0.05773502691896259
2205, 0.05773502691896259
2869, 0.05773502691896259
2935, 0.05773502691896259
3112, 0.05773502691896259
3147, 0.05773502691896259
3258, 0.05773502691896259
3377, 0.05773502691896259
3510, 0.05773502691896259
3607, 0.05773502691896259
3830, 0.05773502691896259
3895, 0.05773502691896259
3896, 0.05773502691896259
4273, 0.05773502691896259
4335, 0.05773502691896259
4390, 0.05773502691896259
4516, 0.05773502691896259
4535, 0.05773502691896259
4944, 0.05773502691896259
4950, 0.05773502691896259
4995, 0.05773502691896259
5128, 0.05773502691896259
8809, 0.05773502691896259
8931, 0.05773502691896259
8952, 0.05773502691896259
9099, 0.05773502691896259
9126, 0.05773502691896259
340, 0.05773502691896259
492, 0.05773502691896259
945, 0.05773502691896259
4329, 0.05773502691896259
3841, 0.05773502691896259
4272, 0.05773502691896259
4681, 0.05773502691896259
8970, 0.05773502691896259
9183, 0.05773502691896259
9197, 0.05773502691896259
216, 0.051961524227066326
344, 0.051961524227066326
644, 0.051961524227066326
948, 0.051961524227066326
985, 0.051961524227066326
1023, 0.051961524227066326
1054, 0.051961524227066326
1354, 0.051961524227066326
1375, 0.051961524227066326
1441, 0.051961524227066326
1483, 0.051961524227066326
1499, 0.051961524227066326
1723, 0.051961524227066326
1809, 0.051961524227066326
1853, 0.051961524227066326
1856, 0.051961524227066326
2263, 0.051961524227066326
3099, 0.051961524227066326
3136, 0.051961524227066326
3288, 0.051961524227066326
3866, 0.051961524227066326
4061, 0.051961524227066326
4151, 0.051961524227066326
4222, 0.051961524227066326
4236, 0.051961524227066326
4330, 0.051961524227066326
4389, 0.051961524227066326
4393, 0.051961524227066326
4496, 0.051961524227066326
4509, 0.051961524227066326
4565, 0.051961524227066326
4574, 0.051961524227066326
4608, 0.051961524227066326
4640, 0.051961524227066326
4767, 0.051961524227066326
4778, 0.051961524227066326
8845, 0.051961524227066326
8906, 0.051961524227066326
8920, 0.051961524227066326
8994, 0.051961524227066326
9045, 0.051961524227066326
9076, 0.051961524227066326
4722, 0.051961524227066326
9196, 0.051961524227066326
3103, 0.051961524227066326
4218, 0.051961524227066326
4231, 0.051961524227066326
4278, 0.051961524227066326
4457, 0.051961524227066326
4715, 0.051961524227066326
4732, 0.051961524227066326
600, 0.04618802153517007
602, 0.04618802153517007
651, 0.04618802153517007
1006, 0.04618802153517007
1170, 0.04618802153517007
1398, 0.04618802153517007
1486, 0.04618802153517007
2936, 0.04618802153517007
2983, 0.04618802153517007
3188, 0.04618802153517007
3486, 0.04618802153517007
3821, 0.04618802153517007
3834, 0.04618802153517007
3867, 0.04618802153517007
4287, 0.04618802153517007
4567, 0.04618802153517007
4588, 0.04618802153517007
4624, 0.04618802153517007
4743, 0.04618802153517007
476, 0.04618802153517007
478, 0.04618802153517007
4028, 0.04618802153517007
4184, 0.04618802153517007
4385, 0.04618802153517007
4560, 0.04618802153517007
4719, 0.04618802153517007
1067, 0.040414518843273815
1319, 0.034641016151377546
