2846, 0.33486315612998296
3328, 0.24248711305964282
2836, 0.21939310229205783
3717, 0.18475208614068028
9056, 0.18475208614068028
2845, 0.16743157806499148
691, 0.13279056191361394
1650, 0.13279056191361394
3365, 0.1270170592217177
4700, 0.11547005383792518
494, 0.10969655114602891
545, 0.10969655114602891
571, 0.10392304845413265
4353, 0.10392304845413265
3503, 0.0981495457622364
718, 0.0981495457622364
3306, 0.0981495457622364
3332, 0.0981495457622364
1653, 0.09237604307034014
3345, 0.09237604307034014
912, 0.09237604307034014
1809, 0.08660254037844388
3334, 0.08660254037844388
9109, 0.08660254037844388
173, 0.08082903768654763
3600, 0.08082903768654763
8774, 0.08082903768654763
9148, 0.08082903768654763
1796, 0.08082903768654763
1800, 0.08082903768654763
3362, 0.08082903768654763
4107, 0.08082903768654763
4699, 0.08082903768654763
522, 0.07505553499465137
672, 0.07505553499465137
1504, 0.07505553499465137
3120, 0.07505553499465137
3474, 0.07505553499465137
4343, 0.07505553499465137
9342, 0.07505553499465137
535, 0.07505553499465137
622, 0.07505553499465137
1794, 0.07505553499465137
1840, 0.07505553499465137
3883, 0.07505553499465137
4266, 0.07505553499465137
4360, 0.07505553499465137
534, 0.06928203230275509
637, 0.06928203230275509
1717, 0.06928203230275509
2230, 0.06928203230275509
4072, 0.06928203230275509
4162, 0.06928203230275509
5029, 0.06928203230275509
6035, 0.06928203230275509
553, 0.06928203230275509
1261, 0.06928203230275509
1801, 0.06928203230275509
3339, 0.06928203230275509
3899, 0.06928203230275509
8854, 0.06928203230275509
524, 0.06350852961085884
584, 0.06350852961085884
709, 0.06350852961085884
990, 0.06350852961085884
1630, 0.06350852961085884
3527, 0.06350852961085884
3563, 0.06350852961085884
8865, 0.06350852961085884
986, 0.06350852961085884
996, 0.06350852961085884
1192, 0.06350852961085884
1314, 0.06350852961085884
1790, 0.06350852961085884
1802, 0.06350852961085884
1810, 0.06350852961085884
2325, 0.06350852961085884
3343, 0.06350852961085884
3660, 0.06350852961085884
4200, 0.06350852961085884
4377, 0.06350852961085884
4529, 0.06350852961085884
5999, 0.06350852961085884
8805, 0.06350852961085884
700, 0.05773502691896259
878, 0.05773502691896259
894, 0.05773502691896259
3294, 0.05773502691896259
3502, 0.05773502691896259
3555, 0.05773502691896259
4641, 0.05773502691896259
8792, 0.05773502691896259
717, 0.05773502691896259
1284, 0.05773502691896259
4668, 0.05773502691896259
8852, 0.05773502691896259
8867, 0.05773502691896259
9057, 0.05773502691896259
213, 0.051961524227066326
638, 0.051961524227066326
879, 0.051961524227066326
1249, 0.051961524227066326
4061, 0.051961524227066326
4334, 0.051961524227066326
4564, 0.051961524227066326
49, 0.051961524227066326
633, 0.051961524227066326
1267, 0.051961524227066326
2362, 0.051961524227066326
3846, 0.051961524227066326
4103, 0.051961524227066326
4125, 0.051961524227066326
8830, 0.051961524227066326
9101, 0.051961524227066326
9108, 0.051961524227066326
9155, 0.051961524227066326
8802, 0.051961524227066326
1487, 0.04618802153517007
1556, 0.04618802153517007
4315, 0.04618802153517007
4492, 0.04618802153517007
2887, 0.04618802153517007
4566, 0.04618802153517007
8823, 0.04618802153517007
