2727, 0.31819805153394637
3831, 0.26870057685088805
3792, 0.22627416997969518
3759, 0.1979898987322333
1099, 0.17677669529663687
9257, 0.1626345596729059
1172, 0.14849242404917495
3253, 0.14849242404917495
3913, 0.14849242404917495
3268, 0.13435028842544403
3435, 0.13435028842544403
4442, 0.13435028842544403
4680, 0.13435028842544403
5677, 0.13435028842544403
6076, 0.13435028842544403
3280, 0.12727922061357855
8803, 0.12727922061357855
9174, 0.12727922061357855
422, 0.12020815280171308
1022, 0.12020815280171308
1100, 0.12020815280171308
2209, 0.12020815280171308
3000, 0.12020815280171308
3193, 0.12020815280171308
3203, 0.12020815280171308
4505, 0.12020815280171308
5397, 0.12020815280171308
1083, 0.11313708498984759
1169, 0.11313708498984759
1619, 0.11313708498984759
4669, 0.11313708498984759
4681, 0.11313708498984759
5027, 0.11313708498984759
5749, 0.11313708498984759
5789, 0.11313708498984759
48, 0.10606601717798211
337, 0.10606601717798211
441, 0.10606601717798211
1304, 0.10606601717798211
1312, 0.10606601717798211
1360, 0.10606601717798211
1382, 0.10606601717798211
1616, 0.10606601717798211
2105, 0.10606601717798211
3540, 0.10606601717798211
4597, 0.10606601717798211
4690, 0.10606601717798211
6043, 0.10606601717798211
424, 0.09899494936611665
460, 0.09899494936611665
953, 0.09899494936611665
996, 0.09899494936611665
1529, 0.09899494936611665
2212, 0.09899494936611665
2279, 0.09899494936611665
3088, 0.09899494936611665
3117, 0.09899494936611665
3494, 0.09899494936611665
3510, 0.09899494936611665
4152, 0.09899494936611665
4678, 0.09899494936611665
4901, 0.09899494936611665
16, 0.09192388155425117
26, 0.09192388155425117
497, 0.09192388155425117
580, 0.09192388155425117
581, 0.09192388155425117
882, 0.09192388155425117
960, 0.09192388155425117
1324, 0.09192388155425117
1493, 0.09192388155425117
1612, 0.09192388155425117
1633, 0.09192388155425117
1668, 0.09192388155425117
1716, 0.09192388155425117
2120, 0.09192388155425117
2228, 0.09192388155425117
2875, 0.09192388155425117
3443, 0.09192388155425117
3533, 0.09192388155425117
4022, 0.09192388155425117
4024, 0.09192388155425117
4060, 0.09192388155425117
4085, 0.09192388155425117
4122, 0.09192388155425117
5319, 0.09192388155425117
6182, 0.09192388155425117
8983, 0.09192388155425117
8995, 0.09192388155425117
9258, 0.09192388155425117
9260, 0.09192388155425117
431, 0.0848528137423857
533, 0.0848528137423857
553, 0.0848528137423857
631, 0.0848528137423857
1063, 0.0848528137423857
1239, 0.0848528137423857
1325, 0.0848528137423857
1442, 0.0848528137423857
1554, 0.0848528137423857
1574, 0.0848528137423857
1605, 0.0848528137423857
1610, 0.0848528137423857
1623, 0.0848528137423857
1641, 0.0848528137423857
1658, 0.0848528137423857
1669, 0.0848528137423857
2270, 0.0848528137423857
2273, 0.0848528137423857
3144, 0.0848528137423857
3659, 0.0848528137423857
4101, 0.0848528137423857
4118, 0.0848528137423857
4198, 0.0848528137423857
4282, 0.0848528137423857
4396, 0.0848528137423857
4527, 0.0848528137423857
4556, 0.0848528137423857
4691, 0.0848528137423857
5019, 0.0848528137423857
5140, 0.0848528137423857
6018, 0.0848528137423857
6164, 0.0848528137423857
8753, 0.0848528137423857
9045, 0.0848528137423857
9059, 0.0848528137423857
9156, 0.0848528137423857
9210, 0.0848528137423857
9363, 0.0848528137423857
6, 0.07778174593052022
346, 0.07778174593052022
487, 0.07778174593052022
495, 0.07778174593052022
506, 0.07778174593052022
527, 0.07778174593052022
541, 0.07778174593052022
557, 0.07778174593052022
584, 0.07778174593052022
620, 0.07778174593052022
644, 0.07778174593052022
690, 0.07778174593052022
950, 0.07778174593052022
954, 0.07778174593052022
972, 0.07778174593052022
973, 0.07778174593052022
975, 0.07778174593052022
984, 0.07778174593052022
1059, 0.07778174593052022
1402, 0.07778174593052022
1438, 0.07778174593052022
1476, 0.07778174593052022
1506, 0.07778174593052022
1521, 0.07778174593052022
1718, 0.07778174593052022
1745, 0.07778174593052022
1802, 0.07778174593052022
2272, 0.07778174593052022
2275, 0.07778174593052022
2281, 0.07778174593052022
3078, 0.07778174593052022
3142, 0.07778174593052022
3143, 0.07778174593052022
3255, 0.07778174593052022
3429, 0.07778174593052022
3470, 0.07778174593052022
3485, 0.07778174593052022
3565, 0.07778174593052022
3826, 0.07778174593052022
3865, 0.07778174593052022
4064, 0.07778174593052022
4220, 0.07778174593052022
4547, 0.07778174593052022
4554, 0.07778174593052022
4706, 0.07778174593052022
4707, 0.07778174593052022
5013, 0.07778174593052022
5744, 0.07778174593052022
5995, 0.07778174593052022
8737, 0.07778174593052022
8859, 0.07778174593052022
8958, 0.07778174593052022
8971, 0.07778174593052022
8999, 0.07778174593052022
9037, 0.07778174593052022
9255, 0.07778174593052022
9328, 0.07778174593052022
23, 0.07071067811865475
167, 0.07071067811865475
597, 0.07071067811865475
612, 0.07071067811865475
616, 0.07071067811865475
1029, 0.07071067811865475
1097, 0.07071067811865475
1213, 0.07071067811865475
1233, 0.07071067811865475
1240, 0.07071067811865475
1311, 0.07071067811865475
1463, 0.07071067811865475
1497, 0.07071067811865475
1523, 0.07071067811865475
1564, 0.07071067811865475
1854, 0.07071067811865475
2103, 0.07071067811865475
2205, 0.07071067811865475
3079, 0.07071067811865475
3260, 0.07071067811865475
3476, 0.07071067811865475
3498, 0.07071067811865475
3843, 0.07071067811865475
3859, 0.07071067811865475
4211, 0.07071067811865475
4308, 0.07071067811865475
4349, 0.07071067811865475
4465, 0.07071067811865475
4476, 0.07071067811865475
4479, 0.07071067811865475
4512, 0.07071067811865475
4540, 0.07071067811865475
4702, 0.07071067811865475
4944, 0.07071067811865475
4950, 0.07071067811865475
4994, 0.07071067811865475
5011, 0.07071067811865475
5126, 0.07071067811865475
5214, 0.07071067811865475
6001, 0.07071067811865475
6025, 0.07071067811865475
8756, 0.07071067811865475
8804, 0.07071067811865475
8837, 0.07071067811865475
8842, 0.07071067811865475
8886, 0.07071067811865475
9195, 0.07071067811865475
4434, 0.07071067811865475
8, 0.06363961030678927
14, 0.06363961030678927
559, 0.06363961030678927
604, 0.06363961030678927
628, 0.06363961030678927
629, 0.06363961030678927
643, 0.06363961030678927
704, 0.06363961030678927
1335, 0.06363961030678927
1340, 0.06363961030678927
1393, 0.06363961030678927
1544, 0.06363961030678927
1594, 0.06363961030678927
1723, 0.06363961030678927
1817, 0.06363961030678927
2354, 0.06363961030678927
3103, 0.06363961030678927
3546, 0.06363961030678927
4034, 0.06363961030678927
4062, 0.06363961030678927
4155, 0.06363961030678927
4342, 0.06363961030678927
4393, 0.06363961030678927
4474, 0.06363961030678927
4504, 0.06363961030678927
4582, 0.06363961030678927
4612, 0.06363961030678927
4712, 0.06363961030678927
4725, 0.06363961030678927
5859, 0.06363961030678927
5981, 0.06363961030678927
8825, 0.06363961030678927
8874, 0.06363961030678927
8994, 0.06363961030678927
9024, 0.06363961030678927
9030, 0.06363961030678927
9076, 0.06363961030678927
9114, 0.06363961030678927
9123, 0.06363961030678927
946, 0.056568542494923796
1042, 0.056568542494923796
1066, 0.056568542494923796
2214, 0.056568542494923796
3065, 0.056568542494923796
3815, 0.056568542494923796
4300, 0.056568542494923796
4394, 0.056568542494923796
4475, 0.056568542494923796
4566, 0.056568542494923796
4567, 0.056568542494923796
4692, 0.056568542494923796
4719, 0.056568542494923796
4723, 0.056568542494923796
4731, 0.056568542494923796
4758, 0.056568542494923796
8779, 0.056568542494923796
9003, 0.056568542494923796
9118, 0.056568542494923796
603, 0.049497474683058325
2261, 0.049497474683058325
4622, 0.049497474683058325
1319, 0.04242640687119285
4184, 0.04242640687119285
