4408, 0.23678400846904057
3251, 0.17554676489946114
923, 0.16738179909018386
965, 0.16738179909018386
3767, 0.16738179909018386
1241, 0.155134350376268
1245, 0.15105186747162933
1297, 0.15105186747162933
1643, 0.1469693845669907
2873, 0.1469693845669907
8851, 0.1469693845669907
1272, 0.1469693845669907
1246, 0.14696938456699069
3800, 0.14288690166235207
1200, 0.14288690166235207
3680, 0.14288690166235207
9121, 0.13880441875771346
1280, 0.13880441875771343
1228, 0.13472193585307482
1262, 0.13472193585307482
3674, 0.13472193585307482
2875, 0.13472193585307482
3768, 0.13472193585307482
1298, 0.1347219358530748
4875, 0.13063945294843618
1226, 0.13063945294843618
9039, 0.12655697004379754
2891, 0.12247448713915893
2892, 0.12247448713915893
9096, 0.12247448713915893
1243, 0.12247448713915893
2893, 0.12247448713915893
1235, 0.11839200423452029
3246, 0.11839200423452029
8859, 0.11839200423452029
1242, 0.11839200423452029
2874, 0.11430952132988167
3591, 0.11430952132988167
8777, 0.11430952132988166
5743, 0.11430952132988165
211, 0.11022703842524303
9038, 0.11022703842524303
4637, 0.11022703842524303
2324, 0.10614455552060441
8827, 0.10614455552060441
206, 0.10614455552060441
3248, 0.10614455552060441
218, 0.1061445555206044
1209, 0.1061445555206044
2890, 0.1061445555206044
9050, 0.1061445555206044
1213, 0.10206207261596577
4696, 0.10206207261596577
1746, 0.09797958971132713
3247, 0.09797958971132713
24, 0.09797958971132713
1269, 0.09797958971132713
2277, 0.09389710680668852
1223, 0.09389710680668852
1844, 0.09389710680668852
4193, 0.09389710680668852
8931, 0.09389710680668852
207, 0.09389710680668852
1284, 0.09389710680668852
8873, 0.09389710680668852
4198, 0.09389710680668852
4614, 0.08981462390204988
3249, 0.08981462390204988
4672, 0.08981462390204988
4764, 0.08573214099741125
8825, 0.08573214099741125
8885, 0.08573214099741125
4675, 0.08573214099741124
1279, 0.08573214099741124
1469, 0.08573214099741124
8886, 0.08573214099741124
944, 0.08164965809277262
4031, 0.08164965809277262
204, 0.08164965809277262
2881, 0.08164965809277262
877, 0.08164965809277262
1456, 0.08164965809277262
2880, 0.08164965809277262
4250, 0.08164965809277262
4335, 0.08164965809277262
176, 0.08164965809277262
198, 0.08164965809277262
1222, 0.08164965809277262
1232, 0.08164965809277262
3244, 0.08164965809277262
8732, 0.08164965809277262
8899, 0.08164965809277262
1419, 0.07756717518813398
9126, 0.07756717518813398
3907, 0.07756717518813398
459, 0.07756717518813398
1466, 0.07756717518813398
4268, 0.07756717518813398
1127, 0.07756717518813398
1684, 0.07756717518813398
2872, 0.07756717518813398
8898, 0.07756717518813398
1470, 0.07348469228349536
4734, 0.07348469228349536
8845, 0.07348469228349536
171, 0.07348469228349536
3252, 0.07348469228349536
3860, 0.07348469228349536
4610, 0.07348469228349536
4688, 0.07348469228349536
8737, 0.07348469228349536
8750, 0.07348469228349536
8862, 0.07348469228349536
3648, 0.06940220937885673
4200, 0.06940220937885673
4321, 0.06940220937885673
5136, 0.06940220937885673
1022, 0.06940220937885673
1024, 0.06940220937885673
4192, 0.06940220937885673
192, 0.06940220937885673
1005, 0.06940220937885673
1293, 0.06940220937885673
1295, 0.06940220937885673
8731, 0.06940220937885673
8826, 0.06940220937885673
8831, 0.06940220937885673
8900, 0.06940220937885673
8917, 0.06940220937885673
608, 0.06531972647421809
882, 0.06531972647421809
5748, 0.06531972647421809
9207, 0.06531972647421809
583, 0.06531972647421809
8821, 0.06531972647421809
8979, 0.06531972647421809
1268, 0.06531972647421809
1408, 0.06531972647421809
3253, 0.06531972647421809
197, 0.06531972647421809
1095, 0.06531972647421809
1205, 0.06531972647421809
1229, 0.06531972647421809
2351, 0.06531972647421809
2876, 0.06531972647421809
3245, 0.06531972647421809
3652, 0.06531972647421809
8818, 0.06531972647421809
947, 0.06123724356957946
4786, 0.06123724356957946
9031, 0.06123724356957946
1615, 0.06123724356957946
190, 0.06123724356957946
631, 0.06123724356957946
991, 0.06123724356957946
1551, 0.06123724356957946
8837, 0.06123724356957946
9086, 0.06123724356957946
563, 0.06123724356957946
166, 0.06123724356957946
170, 0.06123724356957946
179, 0.06123724356957946
194, 0.06123724356957946
586, 0.06123724356957946
1251, 0.06123724356957946
1289, 0.06123724356957946
2878, 0.06123724356957946
3132, 0.06123724356957946
8752, 0.06123724356957946
8832, 0.06123724356957946
8884, 0.06123724356957946
8919, 0.06123724356957946
9137, 0.06123724356957946
438, 0.05715476066494084
868, 0.05715476066494084
948, 0.05715476066494084
4776, 0.05715476066494084
8774, 0.05715476066494084
8806, 0.05715476066494084
181, 0.05715476066494084
1185, 0.05715476066494084
1342, 0.05715476066494084
1467, 0.05715476066494084
4178, 0.05715476066494084
4767, 0.05715476066494084
8789, 0.05715476066494084
530, 0.05715476066494084
1023, 0.05715476066494084
1264, 0.05715476066494084
1457, 0.05715476066494084
2869, 0.05715476066494084
8771, 0.05715476066494084
9091, 0.05715476066494084
4554, 0.05715476066494084
173, 0.05715476066494084
546, 0.05715476066494084
1020, 0.05715476066494084
1263, 0.05715476066494084
1266, 0.05715476066494084
1287, 0.05715476066494084
1291, 0.05715476066494084
1294, 0.05715476066494084
1542, 0.05715476066494084
8760, 0.05715476066494084
8762, 0.05715476066494084
8802, 0.05715476066494084
9081, 0.05715476066494084
20, 0.053072277760302204
184, 0.053072277760302204
507, 0.053072277760302204
949, 0.053072277760302204
1029, 0.053072277760302204
2224, 0.053072277760302204
2971, 0.053072277760302204
3588, 0.053072277760302204
4217, 0.053072277760302204
9205, 0.053072277760302204
1286, 0.053072277760302204
2857, 0.053072277760302204
3308, 0.053072277760302204
3341, 0.053072277760302204
3369, 0.053072277760302204
5137, 0.053072277760302204
8949, 0.053072277760302204
9260, 0.053072277760302204
463, 0.053072277760302204
472, 0.053072277760302204
1231, 0.053072277760302204
4274, 0.053072277760302204
4300, 0.053072277760302204
4385, 0.053072277760302204
4389, 0.053072277760302204
8887, 0.053072277760302204
4555, 0.053072277760302204
1244, 0.053072277760302204
1299, 0.053072277760302204
2884, 0.053072277760302204
3592, 0.053072277760302204
8909, 0.053072277760302204
8925, 0.053072277760302204
9130, 0.053072277760302204
9132, 0.053072277760302204
9151, 0.053072277760302204
9159, 0.053072277760302204
445, 0.048989794855663564
515, 0.048989794855663564
1316, 0.048989794855663564
1533, 0.048989794855663564
1642, 0.048989794855663564
1721, 0.048989794855663564
3433, 0.048989794855663564
3577, 0.048989794855663564
3585, 0.048989794855663564
4099, 0.048989794855663564
4221, 0.048989794855663564
4245, 0.048989794855663564
4248, 0.048989794855663564
4437, 0.048989794855663564
4590, 0.048989794855663564
4729, 0.048989794855663564
9363, 0.048989794855663564
1112, 0.048989794855663564
21, 0.048989794855663564
880, 0.048989794855663564
985, 0.048989794855663564
1053, 0.048989794855663564
1224, 0.048989794855663564
1432, 0.048989794855663564
2371, 0.048989794855663564
3124, 0.048989794855663564
3566, 0.048989794855663564
5140, 0.048989794855663564
6042, 0.048989794855663564
8814, 0.048989794855663564
9161, 0.048989794855663564
521, 0.048989794855663564
1025, 0.048989794855663564
1326, 0.048989794855663564
1622, 0.048989794855663564
4331, 0.048989794855663564
4380, 0.048989794855663564
3066, 0.048989794855663564
1250, 0.048989794855663564
1565, 0.048989794855663564
2290, 0.048989794855663564
2888, 0.048989794855663564
3130, 0.048989794855663564
3138, 0.048989794855663564
3659, 0.048989794855663564
8769, 0.048989794855663564
8861, 0.048989794855663564
8920, 0.048989794855663564
9056, 0.048989794855663564
9057, 0.048989794855663564
9111, 0.048989794855663564
9156, 0.048989794855663564
486, 0.04490731195102494
1189, 0.04490731195102494
1247, 0.04490731195102494
4064, 0.04490731195102494
4169, 0.04490731195102494
4196, 0.04490731195102494
4241, 0.04490731195102494
4458, 0.04490731195102494
4519, 0.04490731195102494
4705, 0.04490731195102494
5568, 0.04490731195102494
22, 0.04490731195102494
986, 0.04490731195102494
1066, 0.04490731195102494
1343, 0.04490731195102494
1578, 0.04490731195102494
3494, 0.04490731195102494
3817, 0.04490731195102494
4171, 0.04490731195102494
4407, 0.04490731195102494
4569, 0.04490731195102494
4768, 0.04490731195102494
5316, 0.04490731195102494
8820, 0.04490731195102494
8838, 0.04490731195102494
8994, 0.04490731195102494
9008, 0.04490731195102494
9066, 0.04490731195102494
524, 0.04490731195102494
558, 0.04490731195102494
1227, 0.04490731195102494
1438, 0.04490731195102494
3296, 0.04490731195102494
3527, 0.04490731195102494
4341, 0.04490731195102494
8910, 0.04490731195102494
3102, 0.04490731195102494
578, 0.04490731195102494
1210, 0.04490731195102494
1274, 0.04490731195102494
1278, 0.04490731195102494
9186, 0.04490731195102494
871, 0.04082482904638631
887, 0.04082482904638631
1323, 0.04082482904638631
1395, 0.04082482904638631
1496, 0.04082482904638631
2096, 0.04082482904638631
3484, 0.04082482904638631
3502, 0.04082482904638631
3567, 0.04082482904638631
4030, 0.04082482904638631
4211, 0.04082482904638631
4506, 0.04082482904638631
6217, 0.04082482904638631
8947, 0.04082482904638631
9195, 0.04082482904638631
23, 0.04082482904638631
182, 0.04082482904638631
645, 0.04082482904638631
2214, 0.04082482904638631
3377, 0.04082482904638631
4581, 0.04082482904638631
4589, 0.04082482904638631
4995, 0.04082482904638631
8811, 0.04082482904638631
8842, 0.04082482904638631
8970, 0.04082482904638631
562, 0.04082482904638631
1240, 0.04082482904638631
1589, 0.04082482904638631
2877, 0.04082482904638631
8798, 0.04082482904638631
8897, 0.04082482904638631
4535, 0.04082482904638631
217, 0.04082482904638631
905, 0.04082482904638631
3457, 0.04082482904638631
5990, 0.04082482904638631
8765, 0.04082482904638631
8766, 0.04082482904638631
8792, 0.04082482904638631
9006, 0.04082482904638631
9047, 0.04082482904638631
9184, 0.04082482904638631
180, 0.03674234614174768
898, 0.03674234614174768
1054, 0.03674234614174768
1627, 0.03674234614174768
1723, 0.03674234614174768
3614, 0.03674234614174768
3847, 0.03674234614174768
4210, 0.03674234614174768
4218, 0.03674234614174768
4222, 0.03674234614174768
4282, 0.03674234614174768
4612, 0.03674234614174768
4667, 0.03674234614174768
4715, 0.03674234614174768
4746, 0.03674234614174768
5020, 0.03674234614174768
8980, 0.03674234614174768
14, 0.03674234614174768
569, 0.03674234614174768
628, 0.03674234614174768
636, 0.03674234614174768
1188, 0.03674234614174768
1254, 0.03674234614174768
1448, 0.03674234614174768
1483, 0.03674234614174768
2200, 0.03674234614174768
2354, 0.03674234614174768
2362, 0.03674234614174768
3082, 0.03674234614174768
3500, 0.03674234614174768
3532, 0.03674234614174768
4583, 0.03674234614174768
4616, 0.03674234614174768
4708, 0.03674234614174768
8746, 0.03674234614174768
8830, 0.03674234614174768
8901, 0.03674234614174768
8912, 0.03674234614174768
8973, 0.03674234614174768
561, 0.03674234614174768
8875, 0.03674234614174768
9166, 0.03674234614174768
1256, 0.03674234614174768
2208, 0.03674234614174768
8783, 0.03674234614174768
8883, 0.03674234614174768
8937, 0.03674234614174768
9127, 0.03674234614174768
1629, 0.032659863237109045
3562, 0.032659863237109045
4223, 0.032659863237109045
4463, 0.032659863237109045
4633, 0.032659863237109045
4702, 0.032659863237109045
903, 0.032659863237109045
1321, 0.032659863237109045
1491, 0.032659863237109045
1661, 0.032659863237109045
1848, 0.032659863237109045
2323, 0.032659863237109045
3486, 0.032659863237109045
4213, 0.032659863237109045
4567, 0.032659863237109045
4723, 0.032659863237109045
4724, 0.032659863237109045
8891, 0.032659863237109045
535, 0.032659863237109045
9176, 0.032659863237109045
4534, 0.032659863237109045
4701, 0.032659863237109045
8823, 0.032659863237109045
9049, 0.032659863237109045
1067, 0.02857738033247042
4228, 0.02857738033247042
5084, 0.02857738033247042
603, 0.02857738033247042
1364, 0.02857738033247042
1410, 0.02857738033247042
5317, 0.024494897427831782
1319, 0.024494897427831782
