1347, 0.28991378028648446
3326, 0.28991378028648446
1647, 0.26870057685088805
9129, 0.26870057685088805
2834, 0.23334523779156066
1821, 0.22627416997969518
714, 0.21213203435596423
3311, 0.20506096654409875
2858, 0.1979898987322333
3293, 0.1979898987322333
2319, 0.17677669529663687
2850, 0.17677669529663687
198, 0.1697056274847714
688, 0.1697056274847714
1655, 0.1697056274847714
3287, 0.1697056274847714
8751, 0.1697056274847714
1253, 0.1626345596729059
2324, 0.1626345596729059
3350, 0.1626345596729059
672, 0.15556349186104043
715, 0.15556349186104043
1270, 0.15556349186104043
1850, 0.15556349186104043
4257, 0.15556349186104043
4306, 0.15556349186104043
691, 0.14849242404917495
724, 0.14849242404917495
1169, 0.14849242404917495
1653, 0.14849242404917495
1816, 0.14849242404917495
1820, 0.14849242404917495
3296, 0.14849242404917495
8836, 0.14849242404917495
9056, 0.14849242404917495
191, 0.1414213562373095
199, 0.1414213562373095
201, 0.1414213562373095
656, 0.1414213562373095
682, 0.1414213562373095
716, 0.1414213562373095
1271, 0.1414213562373095
1278, 0.1414213562373095
1283, 0.1414213562373095
1291, 0.1414213562373095
1608, 0.1414213562373095
1788, 0.1414213562373095
2230, 0.1414213562373095
2896, 0.1414213562373095
3299, 0.1414213562373095
3462, 0.1414213562373095
8766, 0.1414213562373095
8899, 0.1414213562373095
8921, 0.1414213562373095
11, 0.13435028842544403
208, 0.13435028842544403
568, 0.13435028842544403
645, 0.13435028842544403
689, 0.13435028842544403
721, 0.13435028842544403
1236, 0.13435028842544403
1255, 0.13435028842544403
1282, 0.13435028842544403
1808, 0.13435028842544403
3115, 0.13435028842544403
3120, 0.13435028842544403
3607, 0.13435028842544403
3843, 0.13435028842544403
3854, 0.13435028842544403
4668, 0.13435028842544403
8798, 0.13435028842544403
8812, 0.13435028842544403
8926, 0.13435028842544403
19, 0.12727922061357855
546, 0.12727922061357855
679, 0.12727922061357855
1207, 0.12727922061357855
1217, 0.12727922061357855
1391, 0.12727922061357855
1796, 0.12727922061357855
1817, 0.12727922061357855
1851, 0.12727922061357855
2205, 0.12727922061357855
2361, 0.12727922061357855
2371, 0.12727922061357855
3457, 0.12727922061357855
4220, 0.12727922061357855
4776, 0.12727922061357855
8852, 0.12727922061357855
8996, 0.12727922061357855
9101, 0.12727922061357855
9147, 0.12727922061357855
6, 0.12020815280171308
172, 0.12020815280171308
175, 0.12020815280171308
642, 0.12020815280171308
1213, 0.12020815280171308
1220, 0.12020815280171308
1231, 0.12020815280171308
1238, 0.12020815280171308
1254, 0.12020815280171308
1299, 0.12020815280171308
1300, 0.12020815280171308
1514, 0.12020815280171308
1786, 0.12020815280171308
1805, 0.12020815280171308
1833, 0.12020815280171308
2216, 0.12020815280171308
2320, 0.12020815280171308
2873, 0.12020815280171308
3251, 0.12020815280171308
3297, 0.12020815280171308
3317, 0.12020815280171308
3333, 0.12020815280171308
3357, 0.12020815280171308
8844, 0.12020815280171308
8845, 0.12020815280171308
8890, 0.12020815280171308
8901, 0.12020815280171308
8950, 0.12020815280171308
8951, 0.12020815280171308
8999, 0.12020815280171308
9031, 0.12020815280171308
702, 0.11313708498984759
703, 0.11313708498984759
708, 0.11313708498984759
901, 0.11313708498984759
1037, 0.11313708498984759
1206, 0.11313708498984759
1261, 0.11313708498984759
1276, 0.11313708498984759
1509, 0.11313708498984759
3288, 0.11313708498984759
3598, 0.11313708498984759
4114, 0.11313708498984759
4630, 0.11313708498984759
4744, 0.11313708498984759
8894, 0.11313708498984759
8897, 0.11313708498984759
9064, 0.11313708498984759
9066, 0.11313708498984759
9096, 0.11313708498984759
9137, 0.11313708498984759
14, 0.10606601717798211
18, 0.10606601717798211
193, 0.10606601717798211
686, 0.10606601717798211
693, 0.10606601717798211
720, 0.10606601717798211
902, 0.10606601717798211
908, 0.10606601717798211
1204, 0.10606601717798211
1245, 0.10606601717798211
1257, 0.10606601717798211
1267, 0.10606601717798211
2322, 0.10606601717798211
3144, 0.10606601717798211
3315, 0.10606601717798211
3833, 0.10606601717798211
4333, 0.10606601717798211
8791, 0.10606601717798211
8811, 0.10606601717798211
8831, 0.10606601717798211
8907, 0.10606601717798211
8931, 0.10606601717798211
9039, 0.10606601717798211
9050, 0.10606601717798211
9058, 0.10606601717798211
9086, 0.10606601717798211
21, 0.09899494936611665
522, 0.09899494936611665
678, 0.09899494936611665
680, 0.09899494936611665
687, 0.09899494936611665
704, 0.09899494936611665
711, 0.09899494936611665
712, 0.09899494936611665
713, 0.09899494936611665
909, 0.09899494936611665
1243, 0.09899494936611665
1264, 0.09899494936611665
1287, 0.09899494936611665
1290, 0.09899494936611665
1294, 0.09899494936611665
1361, 0.09899494936611665
1842, 0.09899494936611665
1852, 0.09899494936611665
3111, 0.09899494936611665
3114, 0.09899494936611665
3122, 0.09899494936611665
3141, 0.09899494936611665
3337, 0.09899494936611665
3510, 0.09899494936611665
3518, 0.09899494936611665
3859, 0.09899494936611665
4053, 0.09899494936611665
4105, 0.09899494936611665
4743, 0.09899494936611665
8793, 0.09899494936611665
8891, 0.09899494936611665
8906, 0.09899494936611665
9036, 0.09899494936611665
9122, 0.09899494936611665
9135, 0.09899494936611665
9145, 0.09899494936611665
9149, 0.09899494936611665
194, 0.09192388155425117
1013, 0.09192388155425117
1241, 0.09192388155425117
1244, 0.09192388155425117
1277, 0.09192388155425117
1286, 0.09192388155425117
1324, 0.09192388155425117
1344, 0.09192388155425117
1429, 0.09192388155425117
1460, 0.09192388155425117
1563, 0.09192388155425117
2339, 0.09192388155425117
3127, 0.09192388155425117
3818, 0.09192388155425117
4085, 0.09192388155425117
4491, 0.09192388155425117
8750, 0.09192388155425117
8802, 0.09192388155425117
8823, 0.09192388155425117
8827, 0.09192388155425117
8837, 0.09192388155425117
8864, 0.09192388155425117
9102, 0.09192388155425117
170, 0.0848528137423857
685, 0.0848528137423857
903, 0.0848528137423857
1239, 0.0848528137423857
1275, 0.0848528137423857
1285, 0.0848528137423857
1338, 0.0848528137423857
1635, 0.0848528137423857
1747, 0.0848528137423857
1795, 0.0848528137423857
2883, 0.0848528137423857
3121, 0.0848528137423857
3247, 0.0848528137423857
3250, 0.0848528137423857
3331, 0.0848528137423857
3464, 0.0848528137423857
3569, 0.0848528137423857
3888, 0.0848528137423857
4232, 0.0848528137423857
4262, 0.0848528137423857
4302, 0.0848528137423857
4303, 0.0848528137423857
4331, 0.0848528137423857
4687, 0.0848528137423857
4767, 0.0848528137423857
8769, 0.0848528137423857
8830, 0.0848528137423857
8937, 0.0848528137423857
8992, 0.0848528137423857
9091, 0.0848528137423857
9156, 0.0848528137423857
618, 0.07778174593052022
893, 0.07778174593052022
904, 0.07778174593052022
907, 0.07778174593052022
1066, 0.07778174593052022
1189, 0.07778174593052022
1229, 0.07778174593052022
1274, 0.07778174593052022
1360, 0.07778174593052022
1418, 0.07778174593052022
1798, 0.07778174593052022
2196, 0.07778174593052022
2892, 0.07778174593052022
2893, 0.07778174593052022
3117, 0.07778174593052022
3126, 0.07778174593052022
3143, 0.07778174593052022
3291, 0.07778174593052022
3319, 0.07778174593052022
3361, 0.07778174593052022
3463, 0.07778174593052022
4110, 0.07778174593052022
4126, 0.07778174593052022
4241, 0.07778174593052022
4259, 0.07778174593052022
4529, 0.07778174593052022
4701, 0.07778174593052022
4768, 0.07778174593052022
8747, 0.07778174593052022
8760, 0.07778174593052022
8789, 0.07778174593052022
8859, 0.07778174593052022
8910, 0.07778174593052022
9038, 0.07778174593052022
9180, 0.07778174593052022
9259, 0.07778174593052022
192, 0.07071067811865475
209, 0.07071067811865475
211, 0.07071067811865475
215, 0.07071067811865475
457, 0.07071067811865475
469, 0.07071067811865475
552, 0.07071067811865475
590, 0.07071067811865475
596, 0.07071067811865475
705, 0.07071067811865475
722, 0.07071067811865475
905, 0.07071067811865475
906, 0.07071067811865475
1218, 0.07071067811865475
1242, 0.07071067811865475
1260, 0.07071067811865475
1265, 0.07071067811865475
1519, 0.07071067811865475
1523, 0.07071067811865475
1559, 0.07071067811865475
1684, 0.07071067811865475
1793, 0.07071067811865475
1813, 0.07071067811865475
2877, 0.07071067811865475
2881, 0.07071067811865475
2888, 0.07071067811865475
2890, 0.07071067811865475
3148, 0.07071067811865475
3151, 0.07071067811865475
4455, 0.07071067811865475
4535, 0.07071067811865475
4592, 0.07071067811865475
4760, 0.07071067811865475
8758, 0.07071067811865475
8809, 0.07071067811865475
8936, 0.07071067811865475
9033, 0.07071067811865475
196, 0.06363961030678927
604, 0.06363961030678927
644, 0.06363961030678927
648, 0.06363961030678927
919, 0.06363961030678927
1214, 0.06363961030678927
1335, 0.06363961030678927
1340, 0.06363961030678927
1369, 0.06363961030678927
1448, 0.06363961030678927
1544, 0.06363961030678927
1789, 0.06363961030678927
1856, 0.06363961030678927
2263, 0.06363961030678927
2327, 0.06363961030678927
2872, 0.06363961030678927
3546, 0.06363961030678927
3814, 0.06363961030678927
4041, 0.06363961030678927
4626, 0.06363961030678927
4741, 0.06363961030678927
4759, 0.06363961030678927
4764, 0.06363961030678927
8746, 0.06363961030678927
8757, 0.06363961030678927
8874, 0.06363961030678927
8875, 0.06363961030678927
9127, 0.06363961030678927
535, 0.056568542494923796
572, 0.056568542494923796
598, 0.056568542494923796
600, 0.056568542494923796
605, 0.056568542494923796
639, 0.056568542494923796
1625, 0.056568542494923796
1810, 0.056568542494923796
3661, 0.056568542494923796
4534, 0.056568542494923796
4724, 0.056568542494923796
8779, 0.056568542494923796
9188, 0.056568542494923796
1364, 0.049497474683058325
4718, 0.049497474683058325
