3784, 0.2474873734152916
5628, 0.23334523779156066
3783, 0.22627416997969518
1651, 0.20506096654409875
701, 0.19091883092036782
3119, 0.1697056274847714
4533, 0.1626345596729059
1112, 0.15556349186104043
1215, 0.15556349186104043
2360, 0.15556349186104043
2213, 0.14849242404917495
3121, 0.14849242404917495
3248, 0.14849242404917495
590, 0.1414213562373095
1204, 0.1414213562373095
1552, 0.1414213562373095
3139, 0.1414213562373095
3604, 0.1414213562373095
4094, 0.1414213562373095
4587, 0.1414213562373095
677, 0.13435028842544403
721, 0.13435028842544403
1260, 0.13435028842544403
3141, 0.13435028842544403
3856, 0.13435028842544403
542, 0.12727922061357855
1214, 0.12727922061357855
1285, 0.12727922061357855
1555, 0.12727922061357855
1561, 0.12727922061357855
1741, 0.12727922061357855
2357, 0.12727922061357855
3114, 0.12727922061357855
3360, 0.12727922061357855
3871, 0.12727922061357855
4512, 0.12727922061357855
939, 0.12020815280171308
1249, 0.12020815280171308
1563, 0.12020815280171308
1566, 0.12020815280171308
1747, 0.12020815280171308
3127, 0.12020815280171308
3885, 0.12020815280171308
8827, 0.12020815280171308
8926, 0.12020815280171308
901, 0.11313708498984759
1267, 0.11313708498984759
1276, 0.11313708498984759
1290, 0.11313708498984759
1611, 0.11313708498984759
3116, 0.11313708498984759
3117, 0.11313708498984759
3352, 0.11313708498984759
3473, 0.11313708498984759
3842, 0.11313708498984759
3843, 0.11313708498984759
3854, 0.11313708498984759
3879, 0.11313708498984759
4494, 0.11313708498984759
4522, 0.11313708498984759
4618, 0.11313708498984759
9186, 0.11313708498984759
1254, 0.10606601717798211
1549, 0.10606601717798211
1656, 0.10606601717798211
2369, 0.10606601717798211
3144, 0.10606601717798211
3444, 0.10606601717798211
3446, 0.10606601717798211
3460, 0.10606601717798211
3818, 0.10606601717798211
4501, 0.10606601717798211
4540, 0.10606601717798211
4543, 0.10606601717798211
4600, 0.10606601717798211
4755, 0.10606601717798211
1, 0.09899494936611665
903, 0.09899494936611665
922, 0.09899494936611665
1090, 0.09899494936611665
1565, 0.09899494936611665
2359, 0.09899494936611665
3609, 0.09899494936611665
4471, 0.09899494936611665
4689, 0.09899494936611665
4744, 0.09899494936611665
700, 0.09192388155425117
1339, 0.09192388155425117
2271, 0.09192388155425117
3317, 0.09192388155425117
4514, 0.09192388155425117
4539, 0.09192388155425117
4594, 0.09192388155425117
4625, 0.09192388155425117
9066, 0.09192388155425117
598, 0.0848528137423857
685, 0.0848528137423857
909, 0.0848528137423857
1073, 0.0848528137423857
1224, 0.0848528137423857
1856, 0.0848528137423857
2140, 0.0848528137423857
2368, 0.0848528137423857
3596, 0.0848528137423857
4537, 0.0848528137423857
4549, 0.0848528137423857
4601, 0.0848528137423857
4615, 0.0848528137423857
4616, 0.0848528137423857
8776, 0.0848528137423857
9087, 0.0848528137423857
600, 0.07778174593052022
658, 0.07778174593052022
899, 0.07778174593052022
1274, 0.07778174593052022
1547, 0.07778174593052022
1560, 0.07778174593052022
1562, 0.07778174593052022
1745, 0.07778174593052022
3140, 0.07778174593052022
3149, 0.07778174593052022
3153, 0.07778174593052022
4510, 0.07778174593052022
5999, 0.07778174593052022
8846, 0.07778174593052022
201, 0.07071067811865475
1097, 0.07071067811865475
1225, 0.07071067811865475
1564, 0.07071067811865475
2366, 0.07071067811865475
2888, 0.07071067811865475
3145, 0.07071067811865475
4502, 0.07071067811865475
4599, 0.07071067811865475
4743, 0.07071067811865475
4763, 0.07071067811865475
8819, 0.07071067811865475
8864, 0.07071067811865475
8950, 0.07071067811865475
9184, 0.07071067811865475
196, 0.06363961030678927
1300, 0.06363961030678927
1544, 0.06363961030678927
3136, 0.06363961030678927
3816, 0.06363961030678927
3866, 0.06363961030678927
4504, 0.06363961030678927
4598, 0.06363961030678927
4608, 0.06363961030678927
4612, 0.06363961030678927
4691, 0.06363961030678927
907, 0.056568542494923796
1288, 0.056568542494923796
2207, 0.056568542494923796
3858, 0.056568542494923796
3867, 0.056568542494923796
4490, 0.056568542494923796
4523, 0.056568542494923796
4719, 0.056568542494923796
