4596, 0.28621670111997305
3146, 0.26385602134497516
4549, 0.26385602134497516
9178, 0.26385602134497516
3135, 0.2593838853899756
627, 0.2593838853899756
1211, 0.25043961347997645
1232, 0.25043961347997645
1274, 0.24596747752497683
3609, 0.23255106965997813
2225, 0.22360679774997896
4255, 0.22360679774997896
1542, 0.21913466179497942
1545, 0.2191346617949794
2334, 0.21913466179497937
3133, 0.21913466179497937
905, 0.2146625258399798
3244, 0.2146625258399798
3317, 0.21019038988498023
577, 0.20571825392998067
3671, 0.20124611797498107
3785, 0.20124611797498107
4261, 0.20124611797498107
2217, 0.20124611797498104
1225, 0.1967739820199815
1216, 0.19677398201998147
4528, 0.19677398201998147
2352, 0.19677398201998147
9184, 0.1923018460649819
8732, 0.1923018460649819
3852, 0.1923018460649819
4570, 0.18782971010998234
1548, 0.18782971010998234
1552, 0.18335757415498277
3149, 0.18335757415498277
1565, 0.18335757415498274
3767, 0.18335757415498274
4592, 0.18335757415498274
3781, 0.18335757415498274
1202, 0.17888543819998318
1291, 0.17888543819998318
3248, 0.17888543819998318
3890, 0.1744133022449836
4614, 0.1744133022449836
1550, 0.17441330224498358
2268, 0.169941166289984
3099, 0.169941166289984
3138, 0.169941166289984
1224, 0.169941166289984
1551, 0.169941166289984
3121, 0.169941166289984
1646, 0.169941166289984
9129, 0.169941166289984
429, 0.16546903033498445
2335, 0.16546903033498445
3245, 0.16546903033498445
4490, 0.16546903033498445
8769, 0.16546903033498445
1268, 0.16546903033498445
1559, 0.16546903033498445
1566, 0.16546903033498445
1747, 0.16546903033498445
36, 0.16099689437998488
2895, 0.16099689437998488
3119, 0.16099689437998488
3126, 0.16099689437998488
1241, 0.16099689437998485
4595, 0.16099689437998485
9121, 0.16099689437998485
3118, 0.16099689437998485
1257, 0.16099689437998482
3247, 0.15652475842498528
4554, 0.15652475842498528
1564, 0.15652475842498528
1556, 0.1520526224699857
3136, 0.1520526224699857
4041, 0.1520526224699857
4611, 0.1520526224699857
3132, 0.1520526224699857
8926, 0.1520526224699857
2275, 0.14758048651498612
4593, 0.14758048651498612
1560, 0.14758048651498612
5066, 0.14758048651498612
560, 0.14310835055998655
164, 0.14310835055998655
649, 0.14310835055998655
2284, 0.14310835055998655
4544, 0.14310835055998655
9101, 0.14310835055998655
9166, 0.14310835055998655
9180, 0.14310835055998655
525, 0.14310835055998655
1285, 0.14310835055998655
1741, 0.14310835055998655
1328, 0.14310835055998655
3885, 0.14310835055998652
4630, 0.13863621460498698
3251, 0.13863621460498698
9096, 0.13863621460498698
575, 0.13863621460498696
1269, 0.13863621460498696
1280, 0.13863621460498696
1555, 0.13863621460498696
2366, 0.13863621460498696
2880, 0.13863621460498696
4589, 0.13863621460498696
8750, 0.13863621460498696
3140, 0.13863621460498696
1256, 0.1341640786499874
3246, 0.1341640786499874
3252, 0.1341640786499874
545, 0.1341640786499874
1260, 0.1341640786499874
1265, 0.1341640786499874
1615, 0.13416407864998736
3907, 0.13416407864998736
1656, 0.13416407864998736
2357, 0.13416407864998736
1739, 0.13416407864998736
1553, 0.1296919426949878
211, 0.1296919426949878
1186, 0.1296919426949878
8811, 0.1296919426949878
3816, 0.1296919426949878
175, 0.1296919426949878
1073, 0.1296919426949878
2339, 0.1296919426949878
4598, 0.1296919426949878
1075, 0.1296919426949878
567, 0.12521980673998823
569, 0.12521980673998823
1344, 0.12521980673998823
4064, 0.12521980673998823
1213, 0.12521980673998823
2884, 0.12521980673998823
3559, 0.12521980673998823
8917, 0.12521980673998823
1563, 0.12521980673998823
3111, 0.12521980673998823
3123, 0.12521980673998823
3780, 0.12521980673998823
8864, 0.12521980673998823
9179, 0.12521980673998823
2858, 0.12521980673998823
4051, 0.12074767078498866
558, 0.12074767078498866
4391, 0.12074767078498866
9186, 0.12074767078498866
3117, 0.12074767078498866
3145, 0.12074767078498866
4094, 0.12074767078498866
2890, 0.12074767078498864
25, 0.12074767078498864
2364, 0.12074767078498864
2844, 0.12074767078498864
570, 0.12074767078498863
908, 0.12074767078498863
1623, 0.12074767078498863
4744, 0.11627553482998906
8736, 0.11627553482998906
1204, 0.11627553482998906
1111, 0.11627553482998906
4044, 0.1118033988749895
1254, 0.1118033988749895
3116, 0.1118033988749895
721, 0.11180339887498948
568, 0.11180339887498948
1546, 0.11180339887498948
2850, 0.11180339887498948
4105, 0.11180339887498948
4603, 0.11180339887498948
3457, 0.11180339887498947
605, 0.1073312629199899
911, 0.1073312629199899
213, 0.1073312629199899
1230, 0.1073312629199899
3250, 0.1073312629199899
3529, 0.1073312629199899
4688, 0.1073312629199899
8825, 0.1073312629199899
9056, 0.1073312629199899
494, 0.1073312629199899
3185, 0.1073312629199899
4495, 0.1073312629199899
540, 0.1073312629199899
877, 0.1073312629199899
1024, 0.1073312629199899
4237, 0.1073312629199899
194, 0.10285912696499033
1812, 0.10285912696499033
4691, 0.10285912696499033
8961, 0.10285912696499033
3283, 0.10285912696499033
1289, 0.10285912696499033
1523, 0.10285912696499033
3459, 0.10285912696499033
4562, 0.10285912696499033
551, 0.10285912696499033
1196, 0.10285912696499033
1261, 0.10285912696499033
1283, 0.10285912696499033
1541, 0.10285912696499033
1652, 0.10285912696499033
2221, 0.10285912696499033
2367, 0.10285912696499033
3125, 0.10285912696499033
3139, 0.10285912696499033
3518, 0.10285912696499033
4052, 0.10285912696499033
9298, 0.10285912696499033
3867, 0.10285912696499032
2272, 0.09838699100999075
3821, 0.09838699100999075
4534, 0.09838699100999075
461, 0.09838699100999075
878, 0.09838699100999075
900, 0.09838699100999075
976, 0.09838699100999075
1113, 0.09838699100999075
1208, 0.09838699100999075
1277, 0.09838699100999075
1624, 0.09838699100999075
3526, 0.09838699100999075
4350, 0.09838699100999075
4388, 0.09838699100999075
4687, 0.09838699100999075
8733, 0.09838699100999075
8832, 0.09838699100999075
4764, 0.09838699100999074
559, 0.09838699100999074
2338, 0.09391485505499117
4107, 0.09391485505499117
4279, 0.09391485505499117
4767, 0.09391485505499117
3830, 0.09391485505499117
9176, 0.09391485505499117
1856, 0.09391485505499117
1226, 0.09391485505499116
9163, 0.09391485505499116
2220, 0.09391485505499116
4542, 0.09391485505499116
2350, 0.09391485505499116
439, 0.09391485505499116
624, 0.09391485505499116
939, 0.09391485505499116
1401, 0.09391485505499116
1841, 0.09391485505499116
2231, 0.09391485505499116
2870, 0.09391485505499116
2886, 0.09391485505499116
3152, 0.09391485505499116
3253, 0.09391485505499116
3483, 0.09391485505499116
3659, 0.09391485505499116
4618, 0.09391485505499116
8899, 0.09391485505499116
909, 0.08944271909999159
1020, 0.08944271909999159
2876, 0.08944271909999159
3817, 0.08944271909999159
4280, 0.08944271909999159
4335, 0.08944271909999159
6015, 0.08944271909999159
9007, 0.08944271909999159
4553, 0.08944271909999159
4555, 0.08944271909999159
4556, 0.08944271909999159
4669, 0.08944271909999159
593, 0.08944271909999159
1561, 0.08944271909999159
2888, 0.08944271909999159
3473, 0.08944271909999159
3858, 0.08944271909999159
449, 0.08944271909999159
530, 0.08944271909999159
544, 0.08944271909999159
918, 0.08944271909999159
1089, 0.08944271909999159
1313, 0.08944271909999159
1343, 0.08944271909999159
1557, 0.08944271909999159
1587, 0.08944271909999159
1843, 0.08944271909999159
1847, 0.08944271909999159
2690, 0.08944271909999159
2877, 0.08944271909999159
3112, 0.08944271909999159
3120, 0.08944271909999159
3137, 0.08944271909999159
3340, 0.08944271909999159
3377, 0.08944271909999159
3521, 0.08944271909999159
3561, 0.08944271909999159
4233, 0.08944271909999159
4339, 0.08944271909999159
9131, 0.08944271909999159
4610, 0.084970583144992
8898, 0.084970583144992
955, 0.084970583144992
4601, 0.084970583144992
185, 0.084970583144992
480, 0.084970583144992
555, 0.084970583144992
579, 0.084970583144992
581, 0.084970583144992
583, 0.084970583144992
614, 0.084970583144992
674, 0.084970583144992
913, 0.084970583144992
1206, 0.084970583144992
1255, 0.084970583144992
1339, 0.084970583144992
1340, 0.084970583144992
1473, 0.084970583144992
1514, 0.084970583144992
1549, 0.084970583144992
1554, 0.084970583144992
2218, 0.084970583144992
2229, 0.084970583144992
2882, 0.084970583144992
3127, 0.084970583144992
3129, 0.084970583144992
3134, 0.084970583144992
3144, 0.084970583144992
4114, 0.084970583144992
4317, 0.084970583144992
4351, 0.084970583144992
4386, 0.084970583144992
4627, 0.084970583144992
8953, 0.084970583144992
1209, 0.08049844718999243
4198, 0.08049844718999243
8897, 0.08049844718999243
8920, 0.08049844718999243
5570, 0.08049844718999243
1651, 0.08049844718999243
3131, 0.08049844718999243
3360, 0.08049844718999243
4626, 0.08049844718999243
1, 0.08049844718999243
8, 0.08049844718999243
17, 0.08049844718999243
205, 0.08049844718999243
518, 0.08049844718999243
519, 0.08049844718999243
557, 0.08049844718999243
578, 0.08049844718999243
582, 0.08049844718999243
585, 0.08049844718999243
892, 0.08049844718999243
916, 0.08049844718999243
922, 0.08049844718999243
1031, 0.08049844718999243
1223, 0.08049844718999243
1266, 0.08049844718999243
1332, 0.08049844718999243
1334, 0.08049844718999243
1345, 0.08049844718999243
1403, 0.08049844718999243
1547, 0.08049844718999243
1562, 0.08049844718999243
1744, 0.08049844718999243
1793, 0.08049844718999243
1794, 0.08049844718999243
3114, 0.08049844718999243
3124, 0.08049844718999243
3130, 0.08049844718999243
3153, 0.08049844718999243
3249, 0.08049844718999243
3302, 0.08049844718999243
3346, 0.08049844718999243
3516, 0.08049844718999243
3568, 0.08049844718999243
3569, 0.08049844718999243
4053, 0.08049844718999243
4126, 0.08049844718999243
4199, 0.08049844718999243
4349, 0.08049844718999243
4607, 0.08049844718999243
4608, 0.08049844718999243
8821, 0.08049844718999243
8846, 0.08049844718999243
8893, 0.08049844718999243
1200, 0.07602631123499286
1235, 0.07602631123499286
1245, 0.07602631123499286
8859, 0.07602631123499286
604, 0.07602631123499286
20, 0.07602631123499286
21, 0.07602631123499286
181, 0.07602631123499286
423, 0.07602631123499286
462, 0.07602631123499286
573, 0.07602631123499286
622, 0.07602631123499286
647, 0.07602631123499286
655, 0.07602631123499286
907, 0.07602631123499286
919, 0.07602631123499286
1053, 0.07602631123499286
1097, 0.07602631123499286
1130, 0.07602631123499286
1278, 0.07602631123499286
1335, 0.07602631123499286
1402, 0.07602631123499286
1426, 0.07602631123499286
1558, 0.07602631123499286
1630, 0.07602631123499286
1686, 0.07602631123499286
2251, 0.07602631123499286
2324, 0.07602631123499286
2325, 0.07602631123499286
2363, 0.07602631123499286
2874, 0.07602631123499286
2875, 0.07602631123499286
3113, 0.07602631123499286
3458, 0.07602631123499286
3480, 0.07602631123499286
3566, 0.07602631123499286
3608, 0.07602631123499286
4113, 0.07602631123499286
4194, 0.07602631123499286
4197, 0.07602631123499286
4257, 0.07602631123499286
4394, 0.07602631123499286
4489, 0.07602631123499286
4579, 0.07602631123499286
4604, 0.07602631123499286
8775, 0.07602631123499286
8819, 0.07602631123499286
8994, 0.07602631123499286
9047, 0.07602631123499286
9122, 0.07602631123499286
2964, 0.07155417527999328
1272, 0.07155417527999328
1606, 0.07155417527999328
1715, 0.07155417527999328
5319, 0.07155417527999328
8802, 0.07155417527999328
8886, 0.07155417527999328
1125, 0.07155417527999328
9210, 0.07155417527999328
1134, 0.07155417527999328
1290, 0.07155417527999328
1816, 0.07155417527999328
3854, 0.07155417527999328
10, 0.07155417527999328
13, 0.07155417527999328
40, 0.07155417527999328
193, 0.07155417527999328
432, 0.07155417527999328
521, 0.07155417527999328
580, 0.07155417527999328
637, 0.07155417527999328
880, 0.07155417527999328
920, 0.07155417527999328
1027, 0.07155417527999328
1029, 0.07155417527999328
1066, 0.07155417527999328
1250, 0.07155417527999328
1271, 0.07155417527999328
1321, 0.07155417527999328
1447, 0.07155417527999328
1453, 0.07155417527999328
1574, 0.07155417527999328
1578, 0.07155417527999328
1802, 0.07155417527999328
1844, 0.07155417527999328
1846, 0.07155417527999328
2894, 0.07155417527999328
3353, 0.07155417527999328
3375, 0.07155417527999328
3468, 0.07155417527999328
3494, 0.07155417527999328
3565, 0.07155417527999328
4269, 0.07155417527999328
4274, 0.07155417527999328
4312, 0.07155417527999328
4367, 0.07155417527999328
4484, 0.07155417527999328
4600, 0.07155417527999328
4606, 0.07155417527999328
4768, 0.07155417527999328
8852, 0.07155417527999328
9140, 0.07155417527999328
24, 0.06708203932499368
206, 0.06708203932499368
1689, 0.06708203932499368
1751, 0.06708203932499368
3648, 0.06708203932499368
4238, 0.06708203932499368
6168, 0.06708203932499368
8904, 0.06708203932499368
9050, 0.06708203932499368
9093, 0.06708203932499368
190, 0.06708203932499368
218, 0.06708203932499368
537, 0.06708203932499368
562, 0.06708203932499368
563, 0.06708203932499368
572, 0.06708203932499368
891, 0.06708203932499368
906, 0.06708203932499368
910, 0.06708203932499368
977, 0.06708203932499368
1139, 0.06708203932499368
1249, 0.06708203932499368
1284, 0.06708203932499368
1306, 0.06708203932499368
1330, 0.06708203932499368
1404, 0.06708203932499368
1406, 0.06708203932499368
1439, 0.06708203932499368
1665, 0.06708203932499368
1790, 0.06708203932499368
1849, 0.06708203932499368
1863, 0.06708203932499368
2265, 0.06708203932499368
2322, 0.06708203932499368
2323, 0.06708203932499368
2337, 0.06708203932499368
2369, 0.06708203932499368
2986, 0.06708203932499368
3301, 0.06708203932499368
3350, 0.06708203932499368
3510, 0.06708203932499368
3525, 0.06708203932499368
3540, 0.06708203932499368
3558, 0.06708203932499368
3868, 0.06708203932499368
4275, 0.06708203932499368
4276, 0.06708203932499368
4380, 0.06708203932499368
4493, 0.06708203932499368
4567, 0.06708203932499368
4597, 0.06708203932499368
4612, 0.06708203932499368
4684, 0.06708203932499368
4690, 0.06708203932499368
8776, 0.06708203932499368
8826, 0.06708203932499368
8836, 0.06708203932499368
8891, 0.06708203932499368
8912, 0.06708203932499368
8955, 0.06708203932499368
9057, 0.06708203932499368
9086, 0.06708203932499368
9118, 0.06708203932499368
9147, 0.06708203932499368
897, 0.06260990336999411
1088, 0.06260990336999411
1228, 0.06260990336999411
1279, 0.06260990336999411
1860, 0.06260990336999411
2997, 0.06260990336999411
5327, 0.06260990336999411
8957, 0.06260990336999411
9023, 0.06260990336999411
9038, 0.06260990336999411
9120, 0.06260990336999411
9148, 0.06260990336999411
986, 0.06260990336999411
5996, 0.06260990336999411
613, 0.06260990336999411
2358, 0.06260990336999411
467, 0.06260990336999411
621, 0.06260990336999411
671, 0.06260990336999411
675, 0.06260990336999411
720, 0.06260990336999411
903, 0.06260990336999411
917, 0.06260990336999411
1174, 0.06260990336999411
1263, 0.06260990336999411
1383, 0.06260990336999411
1397, 0.06260990336999411
1419, 0.06260990336999411
1448, 0.06260990336999411
1471, 0.06260990336999411
1509, 0.06260990336999411
1640, 0.06260990336999411
1643, 0.06260990336999411
1848, 0.06260990336999411
2340, 0.06260990336999411
2359, 0.06260990336999411
2879, 0.06260990336999411
2883, 0.06260990336999411
2999, 0.06260990336999411
3106, 0.06260990336999411
3442, 0.06260990336999411
3534, 0.06260990336999411
3897, 0.06260990336999411
4381, 0.06260990336999411
4384, 0.06260990336999411
4387, 0.06260990336999411
4390, 0.06260990336999411
4392, 0.06260990336999411
4398, 0.06260990336999411
4545, 0.06260990336999411
4667, 0.06260990336999411
4739, 0.06260990336999411
8820, 0.06260990336999411
8885, 0.06260990336999411
8956, 0.06260990336999411
9112, 0.06260990336999411
26, 0.05813776741499453
472, 0.05813776741499453
1127, 0.05813776741499453
2873, 0.05813776741499453
3880, 0.05813776741499453
5800, 0.05813776741499453
6021, 0.05813776741499453
6055, 0.05813776741499453
8798, 0.05813776741499453
8827, 0.05813776741499453
9138, 0.05813776741499453
552, 0.05813776741499453
590, 0.05813776741499453
1106, 0.05813776741499453
3855, 0.05813776741499453
3856, 0.05813776741499453
9197, 0.05813776741499453
722, 0.05813776741499453
3148, 0.05813776741499453
3363, 0.05813776741499453
4539, 0.05813776741499453
7, 0.05813776741499453
161, 0.05813776741499453
172, 0.05813776741499453
468, 0.05813776741499453
565, 0.05813776741499453
642, 0.05813776741499453
643, 0.05813776741499453
1132, 0.05813776741499453
1205, 0.05813776741499453
1207, 0.05813776741499453
1221, 0.05813776741499453
1233, 0.05813776741499453
1244, 0.05813776741499453
1336, 0.05813776741499453
1364, 0.05813776741499453
1409, 0.05813776741499453
1452, 0.05813776741499453
1504, 0.05813776741499453
1519, 0.05813776741499453
1633, 0.05813776741499453
2210, 0.05813776741499453
2885, 0.05813776741499453
2887, 0.05813776741499453
2971, 0.05813776741499453
3376, 0.05813776741499453
3539, 0.05813776741499453
3571, 0.05813776741499453
3592, 0.05813776741499453
3814, 0.05813776741499453
3870, 0.05813776741499453
3895, 0.05813776741499453
3903, 0.05813776741499453
4170, 0.05813776741499453
4244, 0.05813776741499453
4273, 0.05813776741499453
4348, 0.05813776741499453
4485, 0.05813776741499453
4491, 0.05813776741499453
4543, 0.05813776741499453
4568, 0.05813776741499453
4581, 0.05813776741499453
4594, 0.05813776741499453
4609, 0.05813776741499453
4619, 0.05813776741499453
4629, 0.05813776741499453
4760, 0.05813776741499453
8862, 0.05813776741499453
9064, 0.05813776741499453
9127, 0.05813776741499453
8874, 0.05366563145999495
1246, 0.05366563145999495
2290, 0.05366563145999495
3859, 0.05366563145999495
3860, 0.05366563145999495
8884, 0.05366563145999495
9008, 0.05366563145999495
9159, 0.05366563145999495
549, 0.05366563145999495
4483, 0.05366563145999495
542, 0.05366563145999495
677, 0.05366563145999495
1298, 0.05366563145999495
3444, 0.05366563145999495
3604, 0.05366563145999495
3829, 0.05366563145999495
4507, 0.05366563145999495
4527, 0.05366563145999495
9, 0.05366563145999495
11, 0.05366563145999495
23, 0.05366563145999495
162, 0.05366563145999495
212, 0.05366563145999495
477, 0.05366563145999495
479, 0.05366563145999495
631, 0.05366563145999495
888, 0.05366563145999495
901, 0.05366563145999495
1025, 0.05366563145999495
1341, 0.05366563145999495
1369, 0.05366563145999495
1465, 0.05366563145999495
1520, 0.05366563145999495
1567, 0.05366563145999495
1638, 0.05366563145999495
1641, 0.05366563145999495
1669, 0.05366563145999495
1853, 0.05366563145999495
2203, 0.05366563145999495
2206, 0.05366563145999495
2208, 0.05366563145999495
2274, 0.05366563145999495
2277, 0.05366563145999495
2365, 0.05366563145999495
2868, 0.05366563145999495
3598, 0.05366563145999495
3652, 0.05366563145999495
4063, 0.05366563145999495
4091, 0.05366563145999495
4123, 0.05366563145999495
4192, 0.05366563145999495
4305, 0.05366563145999495
4306, 0.05366563145999495
4336, 0.05366563145999495
4533, 0.05366563145999495
4718, 0.05366563145999495
4757, 0.05366563145999495
4759, 0.05366563145999495
8783, 0.05366563145999495
9087, 0.05366563145999495
2278, 0.049193495504995376
893, 0.049193495504995376
1189, 0.049193495504995376
1229, 0.049193495504995376
2891, 0.049193495504995376
3894, 0.049193495504995376
4547, 0.049193495504995376
4776, 0.049193495504995376
5992, 0.049193495504995376
6003, 0.049193495504995376
8760, 0.049193495504995376
8999, 0.049193495504995376
9036, 0.049193495504995376
9137, 0.049193495504995376
1363, 0.049193495504995376
2281, 0.049193495504995376
3100, 0.049193495504995376
4707, 0.049193495504995376
710, 0.049193495504995376
1227, 0.049193495504995376
5999, 0.049193495504995376
14, 0.049193495504995376
166, 0.049193495504995376
496, 0.049193495504995376
611, 0.049193495504995376
678, 0.049193495504995376
1140, 0.049193495504995376
1173, 0.049193495504995376
1236, 0.049193495504995376
1259, 0.049193495504995376
1378, 0.049193495504995376
1506, 0.049193495504995376
1543, 0.049193495504995376
1579, 0.049193495504995376
1625, 0.049193495504995376
1788, 0.049193495504995376
1857, 0.049193495504995376
2327, 0.049193495504995376
2871, 0.049193495504995376
3141, 0.049193495504995376
3142, 0.049193495504995376
3374, 0.049193495504995376
3573, 0.049193495504995376
4110, 0.049193495504995376
4178, 0.049193495504995376
4196, 0.049193495504995376
4270, 0.049193495504995376
4341, 0.049193495504995376
4385, 0.049193495504995376
4472, 0.049193495504995376
4482, 0.049193495504995376
4510, 0.049193495504995376
4587, 0.049193495504995376
4624, 0.049193495504995376
8789, 0.049193495504995376
8793, 0.049193495504995376
9035, 0.049193495504995376
9367, 0.049193495504995376
1262, 0.044721359549995794
1295, 0.044721359549995794
1434, 0.044721359549995794
1527, 0.044721359549995794
1536, 0.044721359549995794
2096, 0.044721359549995794
2881, 0.044721359549995794
4347, 0.044721359549995794
4995, 0.044721359549995794
5586, 0.044721359549995794
8752, 0.044721359549995794
8792, 0.044721359549995794
8837, 0.044721359549995794
8931, 0.044721359549995794
9039, 0.044721359549995794
554, 0.044721359549995794
3258, 0.044721359549995794
3840, 0.044721359549995794
4540, 0.044721359549995794
12, 0.044721359549995794
337, 0.044721359549995794
474, 0.044721359549995794
501, 0.044721359549995794
523, 0.044721359549995794
529, 0.044721359549995794
597, 0.044721359549995794
640, 0.044721359549995794
645, 0.044721359549995794
669, 0.044721359549995794
700, 0.044721359549995794
885, 0.044721359549995794
887, 0.044721359549995794
1218, 0.044721359549995794
1240, 0.044721359549995794
1258, 0.044721359549995794
1309, 0.044721359549995794
1365, 0.044721359549995794
1395, 0.044721359549995794
1414, 0.044721359549995794
1488, 0.044721359549995794
1508, 0.044721359549995794
1516, 0.044721359549995794
1666, 0.044721359549995794
1805, 0.044721359549995794
1813, 0.044721359549995794
2320, 0.044721359549995794
2692, 0.044721359549995794
2889, 0.044721359549995794
3151, 0.044721359549995794
3337, 0.044721359549995794
3567, 0.044721359549995794
3900, 0.044721359549995794
4075, 0.044721359549995794
4272, 0.044721359549995794
4492, 0.044721359549995794
4512, 0.044721359549995794
4546, 0.044721359549995794
4641, 0.044721359549995794
4743, 0.044721359549995794
5317, 0.044721359549995794
8829, 0.044721359549995794
8950, 0.044721359549995794
9006, 0.044721359549995794
485, 0.04024922359499621
974, 0.04024922359499621
1163, 0.04024922359499621
1251, 0.04024922359499621
2872, 0.04024922359499621
3288, 0.04024922359499621
3893, 0.04024922359499621
4092, 0.04024922359499621
4636, 0.04024922359499621
5801, 0.04024922359499621
8831, 0.04024922359499621
8845, 0.04024922359499621
8937, 0.04024922359499621
9058, 0.04024922359499621
9115, 0.04024922359499621
571, 0.04024922359499621
985, 0.04024922359499621
1605, 0.04024922359499621
4499, 0.04024922359499621
4538, 0.04024922359499621
2279, 0.04024922359499621
3460, 0.04024922359499621
3846, 0.04024922359499621
9066, 0.04024922359499621
3, 0.04024922359499621
451, 0.04024922359499621
464, 0.04024922359499621
628, 0.04024922359499621
633, 0.04024922359499621
644, 0.04024922359499621
898, 0.04024922359499621
902, 0.04024922359499621
1023, 0.04024922359499621
1188, 0.04024922359499621
1214, 0.04024922359499621
1276, 0.04024922359499621
1354, 0.04024922359499621
1393, 0.04024922359499621
1464, 0.04024922359499621
1470, 0.04024922359499621
1485, 0.04024922359499621
1544, 0.04024922359499621
1685, 0.04024922359499621
2362, 0.04024922359499621
3557, 0.04024922359499621
3871, 0.04024922359499621
4071, 0.04024922359499621
4389, 0.04024922359499621
4500, 0.04024922359499621
4708, 0.04024922359499621
4749, 0.04024922359499621
8746, 0.04024922359499621
8759, 0.04024922359499621
8838, 0.04024922359499621
8951, 0.04024922359499621
9150, 0.04024922359499621
591, 0.03577708763999664
4300, 0.03577708763999664
9005, 0.03577708763999664
478, 0.03577708763999664
584, 0.03577708763999664
946, 0.03577708763999664
2207, 0.03577708763999664
522, 0.03577708763999664
630, 0.03577708763999664
1193, 0.03577708763999664
1412, 0.03577708763999664
1476, 0.03577708763999664
1487, 0.03577708763999664
3108, 0.03577708763999664
3834, 0.03577708763999664
4184, 0.03577708763999664
4213, 0.03577708763999664
4299, 0.03577708763999664
4374, 0.03577708763999664
4569, 0.03577708763999664
4701, 0.03577708763999664
4758, 0.03577708763999664
6063, 0.03577708763999664
8930, 0.03577708763999664
9188, 0.03577708763999664
1411, 0.03130495168499706
1480, 0.03130495168499706
3105, 0.03130495168499706
