206, 0.24
1297, 0.22999999999999998
198, 0.225
1222, 0.225
1269, 0.21
1298, 0.21
8823, 0.2
4696, 0.2
1200, 0.195
1226, 0.195
1241, 0.19
1684, 0.185
192, 0.175
2872, 0.175
3680, 0.175
1295, 0.17
2891, 0.16999999999999998
1262, 0.165
3768, 0.165
1280, 0.16499999999999998
1289, 0.16499999999999998
9111, 0.16
1232, 0.16
2847, 0.16
3246, 0.16
8899, 0.16
1293, 0.15500000000000003
1251, 0.155
1284, 0.155
2874, 0.155
8919, 0.155
9081, 0.15000000000000002
1213, 0.15
1250, 0.15
4521, 0.145
4610, 0.145
1210, 0.145
8900, 0.14
207, 0.14
1223, 0.14
1294, 0.14
2876, 0.14
8851, 0.14
8862, 0.14
1266, 0.135
8917, 0.135
4637, 0.135
1299, 0.13
217, 0.13
218, 0.13
1205, 0.13
1209, 0.13
2884, 0.13
3248, 0.13
1291, 0.125
8777, 0.125
2888, 0.12
8861, 0.12
8920, 0.12
24, 0.12
191, 0.115
708, 0.115
4198, 0.115
1458, 0.115
1728, 0.11
4525, 0.11
1215, 0.11
1242, 0.11
1278, 0.11
9054, 0.11
1245, 0.11
1272, 0.11
4672, 0.11
9049, 0.10500000000000001
1490, 0.105
3145, 0.105
588, 0.105
4764, 0.105
8885, 0.105
1279, 0.105
1469, 0.105
8886, 0.105
454, 0.1
1497, 0.1
1238, 0.1
1296, 0.1
2868, 0.1
176, 0.1
3244, 0.1
8732, 0.1
9121, 0.1
448, 0.095
1563, 0.095
1636, 0.095
671, 0.095
1231, 0.095
2883, 0.095
8812, 0.095
1127, 0.095
1228, 0.095
2873, 0.095
2892, 0.095
2893, 0.095
3251, 0.095
8898, 0.095
9096, 0.095
205, 0.09
1264, 0.09
9282, 0.09
171, 0.09
1235, 0.09
3252, 0.09
3860, 0.09
4688, 0.09
8737, 0.09
8750, 0.09
8859, 0.09
726, 0.085
4257, 0.085
211, 0.085
1005, 0.085
8731, 0.085
8826, 0.085
8831, 0.085
493, 0.08
1556, 0.08
1606, 0.08
1628, 0.08
1234, 0.08
1268, 0.08
1283, 0.08
1847, 0.08
197, 0.08
1095, 0.08
1229, 0.08
1243, 0.08
2351, 0.08
2890, 0.08
3245, 0.08
3652, 0.08
8818, 0.08
9038, 0.08
9039, 0.08
9050, 0.08
44, 0.075
1171, 0.075
1551, 0.075
3522, 0.075
3848, 0.075
4524, 0.075
4569, 0.075
4737, 0.075
201, 0.075
1240, 0.075
1248, 0.075
166, 0.075
170, 0.075
179, 0.075
194, 0.075
586, 0.075
2878, 0.075
3132, 0.075
8752, 0.075
8832, 0.075
8884, 0.075
9137, 0.075
1363, 0.07
1467, 0.07
2220, 0.07
3106, 0.07
3495, 0.07
4607, 0.07
4716, 0.07
669, 0.07
1230, 0.07
2871, 0.07
3650, 0.07
4264, 0.07
4744, 0.07
173, 0.07
546, 0.07
1020, 0.07
1263, 0.07
1287, 0.07
1542, 0.07
3591, 0.07
8760, 0.07
8762, 0.07
8802, 0.07
512, 0.065
1310, 0.065
1493, 0.065
1545, 0.065
1627, 0.065
2963, 0.065
3844, 0.065
3869, 0.065
3918, 0.065
209, 0.065
1220, 0.065
2895, 0.065
4059, 0.065
4258, 0.065
8738, 0.065
8945, 0.065
1244, 0.065
2324, 0.065
2875, 0.065
3592, 0.065
4193, 0.065
8827, 0.065
8873, 0.065
8909, 0.065
8925, 0.065
8931, 0.065
9130, 0.065
9132, 0.065
9151, 0.065
9159, 0.065
566, 0.06
1658, 0.06
1748, 0.06
2102, 0.06
3108, 0.06
4515, 0.06
4728, 0.06
4736, 0.06
6018, 0.06
1006, 0.06
1533, 0.06
1792, 0.06
4260, 0.06
6035, 0.06
8824, 0.06
8868, 0.06
8875, 0.06
9083, 0.06
9131, 0.06
9290, 0.06
1246, 0.06
1565, 0.06
2290, 0.06
3130, 0.06
3138, 0.06
3247, 0.06
3659, 0.06
8769, 0.06
9056, 0.06
9057, 0.06
9156, 0.06
1052, 0.055
1192, 0.055
1352, 0.055
1509, 0.055
1511, 0.055
1583, 0.055
2969, 0.055
3100, 0.055
3117, 0.055
3149, 0.055
4595, 0.055
4733, 0.055
9326, 0.055
190, 0.055
898, 0.055
1227, 0.055
1543, 0.055
1656, 0.055
1849, 0.055
4298, 0.055
4614, 0.055
5993, 0.055
8787, 0.055
8877, 0.055
8880, 0.055
578, 0.055
1274, 0.055
1643, 0.055
3249, 0.055
9186, 0.055
492, 0.05
1519, 0.05
1581, 0.05
2205, 0.05
3147, 0.05
3903, 0.05
3927, 0.05
4516, 0.05
4704, 0.05
4729, 0.05
4735, 0.05
165, 0.05
1724, 0.05
3818, 0.05
4390, 0.05
4641, 0.05
8936, 0.05
9071, 0.05
9099, 0.05
204, 0.05
905, 0.05
1844, 0.05
2880, 0.05
2881, 0.05
3457, 0.05
4335, 0.05
5990, 0.05
8765, 0.05
8766, 0.05
8792, 0.05
9006, 0.05
9047, 0.05
9184, 0.05
338, 0.045
1037, 0.045
1369, 0.045
1835, 0.045
3099, 0.045
3557, 0.045
4562, 0.045
4570, 0.045
4732, 0.045
4745, 0.045
4778, 0.045
3846, 0.045
4278, 0.045
8785, 0.045
9063, 0.045
9066, 0.045
9101, 0.045
9155, 0.045
1256, 0.045
2208, 0.045
8783, 0.045
8825, 0.045
8845, 0.045
8883, 0.045
8937, 0.045
9127, 0.045
1190, 0.04
1661, 0.04
1716, 0.04
3832, 0.04
4514, 0.04
4709, 0.04
4724, 0.04
4368, 0.04
8930, 0.04
4701, 0.04
3105, 0.035
4767, 0.035
