5134, 0.2886751345948129
5429, 0.2886751345948129
9189, 0.2598076211353316
9333, 0.21939310229205783
2098, 0.2078460969082653
6167, 0.20207259421636906
3638, 0.20207259421636903
4166, 0.20207259421636903
4975, 0.20207259421636903
5430, 0.20207259421636903
5158, 0.19052558883257653
5983, 0.19052558883257653
4807, 0.17320508075688776
4943, 0.17320508075688776
4032, 0.1674315780649915
5331, 0.1674315780649915
4323, 0.16743157806499148
5400, 0.16165807537309526
6068, 0.16165807537309526
9311, 0.16165807537309526
9302, 0.15011106998930274
4028, 0.1443375672974065
4171, 0.1443375672974065
3577, 0.13856406460551018
6176, 0.13856406460551018
164, 0.13279056191361394
6036, 0.13279056191361394
1650, 0.13279056191361394
9261, 0.13279056191361394
4169, 0.1270170592217177
3481, 0.1270170592217177
4029, 0.1270170592217177
9191, 0.1270170592217177
2211, 0.12124355652982143
5679, 0.12124355652982143
6081, 0.12124355652982143
9369, 0.12124355652982141
2998, 0.11547005383792518
3430, 0.11547005383792518
4476, 0.11547005383792518
5137, 0.11547005383792518
6181, 0.11547005383792518
3340, 0.11547005383792518
9356, 0.11547005383792518
1723, 0.11547005383792516
3262, 0.10969655114602891
4036, 0.10969655114602891
4790, 0.10969655114602891
5261, 0.10969655114602891
5263, 0.10969655114602891
35, 0.10969655114602891
448, 0.10969655114602891
5242, 0.10969655114602891
9015, 0.10969655114602891
6063, 0.10392304845413267
5091, 0.10392304845413267
5644, 0.10392304845413267
6097, 0.10392304845413265
493, 0.10392304845413265
5253, 0.10392304845413265
9253, 0.10392304845413265
1766, 0.10392304845413265
3086, 0.10392304845413265
9296, 0.10392304845413265
3263, 0.0981495457622364
4430, 0.0981495457622364
4996, 0.0981495457622364
5138, 0.0981495457622364
5396, 0.0981495457622364
6046, 0.0981495457622364
2996, 0.0981495457622364
3295, 0.0981495457622364
3521, 0.0981495457622364
4321, 0.0981495457622364
6058, 0.0981495457622364
9168, 0.0981495457622364
478, 0.09237604307034014
1060, 0.09237604307034014
2370, 0.09237604307034014
3932, 0.09237604307034014
4031, 0.09237604307034014
4158, 0.09237604307034014
4899, 0.09237604307034014
5027, 0.09237604307034014
5150, 0.09237604307034014
5251, 0.09237604307034014
5266, 0.09237604307034014
5778, 0.09237604307034014
6104, 0.09237604307034014
504, 0.09237604307034014
1089, 0.09237604307034014
1104, 0.09237604307034014
1606, 0.09237604307034014
1639, 0.09237604307034014
3490, 0.09237604307034014
4269, 0.09237604307034014
4367, 0.09237604307034014
4395, 0.09237604307034014
4425, 0.09237604307034014
4714, 0.09237604307034014
5215, 0.09237604307034014
5748, 0.09237604307034014
8928, 0.09237604307034014
1751, 0.08660254037844388
1430, 0.08660254037844388
4033, 0.08660254037844388
4156, 0.08660254037844388
4418, 0.08660254037844388
4428, 0.08660254037844388
4434, 0.08660254037844388
4921, 0.08660254037844388
5127, 0.08660254037844388
5128, 0.08660254037844388
44, 0.08660254037844388
440, 0.08660254037844388
489, 0.08660254037844388
695, 0.08660254037844388
1538, 0.08660254037844388
2119, 0.08660254037844388
2198, 0.08660254037844388
2264, 0.08660254037844388
4431, 0.08660254037844388
5782, 0.08660254037844388
8904, 0.08660254037844388
9364, 0.08660254037844388
5213, 0.08082903768654763
1772, 0.08082903768654763
4027, 0.08082903768654763
4206, 0.08082903768654763
5260, 0.08082903768654763
5336, 0.08082903768654763
5719, 0.08082903768654763
9326, 0.08082903768654763
9332, 0.08082903768654763
527, 0.08082903768654763
716, 0.08082903768654763
917, 0.08082903768654763
1185, 0.08082903768654763
1637, 0.08082903768654763
3516, 0.08082903768654763
3605, 0.08082903768654763
5293, 0.08082903768654763
5584, 0.08082903768654763
6066, 0.08082903768654763
6218, 0.08082903768654763
8797, 0.08082903768654763
8892, 0.08082903768654763
9287, 0.08082903768654763
4898, 0.07505553499465137
4947, 0.07505553499465137
5329, 0.07505553499465137
5742, 0.07505553499465137
6029, 0.07505553499465137
204, 0.07505553499465137
475, 0.07505553499465137
511, 0.07505553499465137
886, 0.07505553499465137
1034, 0.07505553499465137
1132, 0.07505553499465137
1219, 0.07505553499465137
1268, 0.07505553499465137
1302, 0.07505553499465137
1549, 0.07505553499465137
1595, 0.07505553499465137
1724, 0.07505553499465137
2210, 0.07505553499465137
2213, 0.07505553499465137
2216, 0.07505553499465137
2224, 0.07505553499465137
2857, 0.07505553499465137
2963, 0.07505553499465137
3120, 0.07505553499465137
3316, 0.07505553499465137
3505, 0.07505553499465137
3526, 0.07505553499465137
3564, 0.07505553499465137
4143, 0.07505553499465137
4290, 0.07505553499465137
4319, 0.07505553499465137
4403, 0.07505553499465137
4558, 0.07505553499465137
4804, 0.07505553499465137
5017, 0.07505553499465137
5025, 0.07505553499465137
5962, 0.07505553499465137
6064, 0.07505553499465137
6078, 0.07505553499465137
8835, 0.07505553499465137
8839, 0.07505553499465137
9099, 0.07505553499465137
9205, 0.07505553499465137
9258, 0.07505553499465137
9260, 0.07505553499465137
9278, 0.07505553499465137
9298, 0.07505553499465137
436, 0.06928203230275509
4278, 0.06928203230275509
6044, 0.06928203230275509
3586, 0.06928203230275509
4035, 0.06928203230275509
4144, 0.06928203230275509
4151, 0.06928203230275509
4424, 0.06928203230275509
4432, 0.06928203230275509
5135, 0.06928203230275509
5140, 0.06928203230275509
198, 0.06928203230275509
585, 0.06928203230275509
637, 0.06928203230275509
939, 0.06928203230275509
947, 0.06928203230275509
979, 0.06928203230275509
1031, 0.06928203230275509
1037, 0.06928203230275509
1071, 0.06928203230275509
1214, 0.06928203230275509
1246, 0.06928203230275509
1269, 0.06928203230275509
1441, 0.06928203230275509
1453, 0.06928203230275509
1518, 0.06928203230275509
1746, 0.06928203230275509
1792, 0.06928203230275509
1835, 0.06928203230275509
2127, 0.06928203230275509
2321, 0.06928203230275509
2901, 0.06928203230275509
3130, 0.06928203230275509
3570, 0.06928203230275509
3848, 0.06928203230275509
4218, 0.06928203230275509
4224, 0.06928203230275509
4288, 0.06928203230275509
4344, 0.06928203230275509
4359, 0.06928203230275509
4380, 0.06928203230275509
4525, 0.06928203230275509
4535, 0.06928203230275509
4567, 0.06928203230275509
4640, 0.06928203230275509
4775, 0.06928203230275509
5248, 0.06928203230275509
5585, 0.06928203230275509
5773, 0.06928203230275509
5855, 0.06928203230275509
6019, 0.06928203230275509
6035, 0.06928203230275509
6042, 0.06928203230275509
8752, 0.06928203230275509
8795, 0.06928203230275509
8813, 0.06928203230275509
8866, 0.06928203230275509
9059, 0.06928203230275509
9087, 0.06928203230275509
9147, 0.06928203230275509
9172, 0.06928203230275509
9290, 0.06928203230275509
9360, 0.06928203230275509
3429, 0.06350852961085884
3835, 0.06350852961085884
4124, 0.06350852961085884
4294, 0.06350852961085884
4417, 0.06350852961085884
5136, 0.06350852961085884
5153, 0.06350852961085884
5993, 0.06350852961085884
5995, 0.06350852961085884
5999, 0.06350852961085884
203, 0.06350852961085884
454, 0.06350852961085884
473, 0.06350852961085884
485, 0.06350852961085884
487, 0.06350852961085884
500, 0.06350852961085884
546, 0.06350852961085884
558, 0.06350852961085884
591, 0.06350852961085884
996, 0.06350852961085884
1033, 0.06350852961085884
1113, 0.06350852961085884
1189, 0.06350852961085884
1192, 0.06350852961085884
1290, 0.06350852961085884
1412, 0.06350852961085884
1480, 0.06350852961085884
1482, 0.06350852961085884
1509, 0.06350852961085884
1547, 0.06350852961085884
1626, 0.06350852961085884
1630, 0.06350852961085884
1664, 0.06350852961085884
1670, 0.06350852961085884
1850, 0.06350852961085884
1855, 0.06350852961085884
2333, 0.06350852961085884
3006, 0.06350852961085884
3065, 0.06350852961085884
3106, 0.06350852961085884
3117, 0.06350852961085884
3255, 0.06350852961085884
3282, 0.06350852961085884
3485, 0.06350852961085884
3496, 0.06350852961085884
3509, 0.06350852961085884
3645, 0.06350852961085884
3817, 0.06350852961085884
3833, 0.06350852961085884
3853, 0.06350852961085884
3865, 0.06350852961085884
3891, 0.06350852961085884
4044, 0.06350852961085884
4055, 0.06350852961085884
4078, 0.06350852961085884
4179, 0.06350852961085884
4200, 0.06350852961085884
4235, 0.06350852961085884
4316, 0.06350852961085884
4320, 0.06350852961085884
4363, 0.06350852961085884
4370, 0.06350852961085884
4374, 0.06350852961085884
4415, 0.06350852961085884
4448, 0.06350852961085884
4478, 0.06350852961085884
4564, 0.06350852961085884
4689, 0.06350852961085884
4724, 0.06350852961085884
4768, 0.06350852961085884
5316, 0.06350852961085884
5553, 0.06350852961085884
5675, 0.06350852961085884
5787, 0.06350852961085884
5797, 0.06350852961085884
5820, 0.06350852961085884
6015, 0.06350852961085884
6032, 0.06350852961085884
6049, 0.06350852961085884
8760, 0.06350852961085884
8816, 0.06350852961085884
9027, 0.06350852961085884
9031, 0.06350852961085884
9032, 0.06350852961085884
9092, 0.06350852961085884
9256, 0.06350852961085884
555, 0.05773502691896259
5092, 0.05773502691896259
554, 0.05773502691896259
1854, 0.05773502691896259
3611, 0.05773502691896259
4122, 0.05773502691896259
4337, 0.05773502691896259
4909, 0.05773502691896259
4946, 0.05773502691896259
6217, 0.05773502691896259
497, 0.05773502691896259
517, 0.05773502691896259
518, 0.05773502691896259
523, 0.05773502691896259
560, 0.05773502691896259
625, 0.05773502691896259
640, 0.05773502691896259
882, 0.05773502691896259
885, 0.05773502691896259
894, 0.05773502691896259
1167, 0.05773502691896259
1242, 0.05773502691896259
1279, 0.05773502691896259
1309, 0.05773502691896259
1310, 0.05773502691896259
1322, 0.05773502691896259
1339, 0.05773502691896259
1365, 0.05773502691896259
1390, 0.05773502691896259
1394, 0.05773502691896259
1403, 0.05773502691896259
1409, 0.05773502691896259
1460, 0.05773502691896259
1495, 0.05773502691896259
1517, 0.05773502691896259
1559, 0.05773502691896259
1566, 0.05773502691896259
1665, 0.05773502691896259
1787, 0.05773502691896259
1813, 0.05773502691896259
2096, 0.05773502691896259
2268, 0.05773502691896259
2269, 0.05773502691896259
2336, 0.05773502691896259
2359, 0.05773502691896259
2692, 0.05773502691896259
2888, 0.05773502691896259
2979, 0.05773502691896259
3061, 0.05773502691896259
3258, 0.05773502691896259
3259, 0.05773502691896259
3301, 0.05773502691896259
3376, 0.05773502691896259
3476, 0.05773502691896259
3499, 0.05773502691896259
3502, 0.05773502691896259
3539, 0.05773502691896259
3856, 0.05773502691896259
3869, 0.05773502691896259
3870, 0.05773502691896259
4221, 0.05773502691896259
4286, 0.05773502691896259
4399, 0.05773502691896259
4466, 0.05773502691896259
4488, 0.05773502691896259
4516, 0.05773502691896259
4568, 0.05773502691896259
4593, 0.05773502691896259
4704, 0.05773502691896259
4735, 0.05773502691896259
4736, 0.05773502691896259
4737, 0.05773502691896259
4897, 0.05773502691896259
4994, 0.05773502691896259
5290, 0.05773502691896259
6033, 0.05773502691896259
8844, 0.05773502691896259
8919, 0.05773502691896259
8932, 0.05773502691896259
8949, 0.05773502691896259
8950, 0.05773502691896259
9079, 0.05773502691896259
9216, 0.05773502691896259
611, 0.051961524227066326
1721, 0.051961524227066326
1858, 0.051961524227066326
5002, 0.051961524227066326
3, 0.051961524227066326
212, 0.051961524227066326
338, 0.051961524227066326
453, 0.051961524227066326
463, 0.051961524227066326
559, 0.051961524227066326
561, 0.051961524227066326
604, 0.051961524227066326
704, 0.051961524227066326
713, 0.051961524227066326
902, 0.051961524227066326
1059, 0.051961524227066326
1188, 0.051961524227066326
1203, 0.051961524227066326
1209, 0.051961524227066326
1479, 0.051961524227066326
1531, 0.051961524227066326
1605, 0.051961524227066326
1667, 0.051961524227066326
1838, 0.051961524227066326
3082, 0.051961524227066326
3251, 0.051961524227066326
3847, 0.051961524227066326
3887, 0.051961524227066326
4014, 0.051961524227066326
4062, 0.051961524227066326
4065, 0.051961524227066326
4106, 0.051961524227066326
4227, 0.051961524227066326
4334, 0.051961524227066326
4342, 0.051961524227066326
4384, 0.051961524227066326
4389, 0.051961524227066326
4500, 0.051961524227066326
4515, 0.051961524227066326
4565, 0.051961524227066326
4600, 0.051961524227066326
4612, 0.051961524227066326
4626, 0.051961524227066326
4691, 0.051961524227066326
4728, 0.051961524227066326
4745, 0.051961524227066326
5019, 0.051961524227066326
5021, 0.051961524227066326
5129, 0.051961524227066326
5801, 0.051961524227066326
6010, 0.051961524227066326
8742, 0.051961524227066326
8759, 0.051961524227066326
8802, 0.051961524227066326
8825, 0.051961524227066326
8831, 0.051961524227066326
8861, 0.051961524227066326
9024, 0.051961524227066326
9046, 0.051961524227066326
9066, 0.051961524227066326
9108, 0.051961524227066326
9141, 0.051961524227066326
4620, 0.04618802153517007
15, 0.04618802153517007
572, 0.04618802153517007
584, 0.04618802153517007
600, 0.04618802153517007
605, 0.04618802153517007
639, 0.04618802153517007
652, 0.04618802153517007
946, 0.04618802153517007
1181, 0.04618802153517007
1190, 0.04618802153517007
1191, 0.04618802153517007
1288, 0.04618802153517007
1319, 0.04618802153517007
1476, 0.04618802153517007
1487, 0.04618802153517007
1686, 0.04618802153517007
1715, 0.04618802153517007
1810, 0.04618802153517007
2876, 0.04618802153517007
3108, 0.04618802153517007
3188, 0.04618802153517007
3194, 0.04618802153517007
3832, 0.04618802153517007
4184, 0.04618802153517007
4223, 0.04618802153517007
4299, 0.04618802153517007
4300, 0.04618802153517007
4358, 0.04618802153517007
4385, 0.04618802153517007
4475, 0.04618802153517007
4490, 0.04618802153517007
4492, 0.04618802153517007
4523, 0.04618802153517007
4692, 0.04618802153517007
4702, 0.04618802153517007
4710, 0.04618802153517007
4711, 0.04618802153517007
4713, 0.04618802153517007
4729, 0.04618802153517007
4950, 0.04618802153517007
8805, 0.04618802153517007
8946, 0.04618802153517007
9176, 0.04618802153517007
909, 0.040414518843273815
1364, 0.040414518843273815
2261, 0.040414518843273815
5096, 0.034641016151377546
