3688, 0.225
3806, 0.19
9129, 0.19
1264, 0.14
5400, 0.14
205, 0.125
2231, 0.12
2775, 0.11
4100, 0.11
584, 0.1
3599, 0.095
540, 0.095
646, 0.09
4033, 0.09
8924, 0.09
530, 0.09
1227, 0.09
1241, 0.09
8732, 0.09
5222, 0.085
4691, 0.085
5261, 0.085
6058, 0.085
1639, 0.08
5266, 0.08
8807, 0.08
8928, 0.08
9275, 0.08
1235, 0.08
8886, 0.08
8920, 0.08
8979, 0.08
1269, 0.075
1298, 0.075
1751, 0.075
2291, 0.075
3271, 0.075
4268, 0.075
5318, 0.075
24, 0.075
218, 0.075
568, 0.075
3907, 0.075
4126, 0.075
171, 0.07
675, 0.07
711, 0.07
1421, 0.07
1501, 0.07
1730, 0.07
1772, 0.07
3096, 0.07
3442, 0.07
3516, 0.07
3572, 0.07
3591, 0.07
4115, 0.07
4163, 0.07
4284, 0.07
4901, 0.07
9125, 0.07
527, 0.07
582, 0.07
1185, 0.07
8831, 0.07
8957, 0.07
1268, 0.065
1289, 0.065
1320, 0.065
1582, 0.065
2689, 0.065
3474, 0.065
3886, 0.065
4290, 0.065
4666, 0.065
9292, 0.065
217, 0.065
543, 0.065
580, 0.065
581, 0.065
1262, 0.065
3379, 0.065
4632, 0.065
5109, 0.065
5852, 0.065
471, 0.06
479, 0.06
1144, 0.06
1206, 0.06
1728, 0.06
1741, 0.06
2368, 0.06
3331, 0.06
3901, 0.06
4073, 0.06
4556, 0.06
5014, 0.06
6018, 0.06
8836, 0.06
9294, 0.06
1280, 0.06
1658, 0.06
3133, 0.06
3917, 0.06
4063, 0.06
4275, 0.06
4601, 0.06
4692, 0.06
9156, 0.06
9254, 0.06
203, 0.055
724, 0.055
899, 0.055
994, 0.055
1012, 0.055
1054, 0.055
1137, 0.055
1245, 0.055
1355, 0.055
1450, 0.055
1742, 0.055
2333, 0.055
3352, 0.055
3382, 0.055
3565, 0.055
3897, 0.055
4016, 0.055
4178, 0.055
4378, 0.055
4417, 0.055
4430, 0.055
4484, 0.055
4584, 0.055
4585, 0.055
4630, 0.055
4713, 0.055
4733, 0.055
9019, 0.055
9256, 0.055
9326, 0.055
546, 0.055
1226, 0.055
1259, 0.055
1291, 0.055
4027, 0.055
4421, 0.055
5593, 0.055
5955, 0.055
8880, 0.055
9115, 0.055
199, 0.05
209, 0.05
432, 0.05
472, 0.05
555, 0.05
717, 0.05
962, 0.05
1205, 0.05
1295, 0.05
1496, 0.05
1527, 0.05
1610, 0.05
1812, 0.05
2337, 0.05
2366, 0.05
3061, 0.05
3344, 0.05
3431, 0.05
3441, 0.05
3456, 0.05
3499, 0.05
3843, 0.05
3929, 0.05
4098, 0.05
4117, 0.05
4273, 0.05
4274, 0.05
4277, 0.05
4455, 0.05
4466, 0.05
4576, 0.05
4586, 0.05
4589, 0.05
4694, 0.05
4716, 0.05
4750, 0.05
4946, 0.05
5011, 0.05
5128, 0.05
6214, 0.05
9132, 0.05
1213, 0.05
1258, 0.05
1684, 0.05
2874, 0.05
4122, 0.05
4296, 0.05
4592, 0.05
4994, 0.05
6198, 0.05
8777, 0.05
8798, 0.05
9216, 0.05
8, 0.045
49, 0.045
338, 0.045
656, 0.045
704, 0.045
713, 0.045
1180, 0.045
1198, 0.045
1464, 0.045
3500, 0.045
3532, 0.045
3814, 0.045
4018, 0.045
4062, 0.045
4071, 0.045
4564, 0.045
4640, 0.045
4685, 0.045
4715, 0.045
4725, 0.045
5021, 0.045
5029, 0.045
8887, 0.045
9155, 0.045
9196, 0.045
21, 0.045
908, 0.045
1838, 0.045
4032, 0.045
4034, 0.045
4107, 0.045
4288, 0.045
4598, 0.045
8944, 0.045
15, 0.04
535, 0.04
1042, 0.04
1556, 0.04
2983, 0.04
3834, 0.04
4216, 0.04
4385, 0.04
4394, 0.04
4595, 0.04
4707, 0.04
4729, 0.04
9151, 0.04
9176, 0.04
2214, 0.04
4028, 0.04
4036, 0.04
4279, 0.04
8992, 0.04
4718, 0.035
