9265, 0.2898562862293428
2265, 0.19595917942265428
9175, 0.1837117307087384
578, 0.17962924780409978
4541, 0.17554676489946114
2849, 0.16738179909018386
1992, 0.16738179909018386
519, 0.16329931618554525
585, 0.15513435037626797
1277, 0.15513435037626797
4694, 0.15105186747162935
9179, 0.15105186747162933
1215, 0.15105186747162933
2837, 0.15105186747162933
697, 0.14288690166235207
4687, 0.14288690166235207
161, 0.13880441875771346
194, 0.13472193585307482
555, 0.13472193585307482
3751, 0.13472193585307482
559, 0.13472193585307482
5064, 0.13063945294843618
539, 0.13063945294843618
2227, 0.13063945294843618
529, 0.12655697004379757
4636, 0.12655697004379754
4302, 0.12655697004379754
2196, 0.12247448713915893
4260, 0.12247448713915893
4690, 0.12247448713915891
4696, 0.12247448713915891
2252, 0.11839200423452029
552, 0.11839200423452029
3820, 0.11839200423452029
544, 0.11839200423452029
4386, 0.11839200423452029
537, 0.11430952132988167
1813, 0.11430952132988167
1283, 0.11430952132988167
3510, 0.11430952132988167
3778, 0.11430952132988167
4392, 0.11430952132988167
3250, 0.11430952132988165
4383, 0.11430952132988165
582, 0.11022703842524303
604, 0.11022703842524303
1335, 0.11022703842524303
3127, 0.11022703842524303
561, 0.11022703842524303
2878, 0.11022703842524303
4267, 0.11022703842524303
3914, 0.10614455552060441
9174, 0.10614455552060441
886, 0.10614455552060441
670, 0.10614455552060441
2835, 0.10614455552060441
4384, 0.10614455552060441
545, 0.1061445555206044
4586, 0.1061445555206044
548, 0.10206207261596578
1212, 0.10206207261596577
3336, 0.10206207261596577
9006, 0.10206207261596577
9131, 0.10206207261596577
3666, 0.10206207261596577
4434, 0.09797958971132714
8886, 0.09797958971132714
1112, 0.09797958971132713
1282, 0.09797958971132713
1342, 0.09797958971132713
4306, 0.09797958971132713
3011, 0.09797958971132713
2288, 0.09389710680668852
3916, 0.09389710680668852
6066, 0.09389710680668852
165, 0.09389710680668852
191, 0.09389710680668852
195, 0.09389710680668852
668, 0.09389710680668852
1237, 0.09389710680668852
1086, 0.09389710680668852
1089, 0.09389710680668852
4395, 0.09389710680668852
4529, 0.08981462390204988
4632, 0.08981462390204988
202, 0.08981462390204988
542, 0.08981462390204988
1255, 0.08981462390204988
2223, 0.08981462390204988
4351, 0.08981462390204988
4268, 0.08981462390204988
520, 0.08573214099741124
588, 0.08573214099741124
1253, 0.08573214099741124
2871, 0.08573214099741124
3247, 0.08573214099741124
3917, 0.08164965809277262
3919, 0.08164965809277262
4281, 0.08164965809277262
562, 0.08164965809277262
646, 0.08164965809277262
1687, 0.08164965809277262
2894, 0.08164965809277262
4076, 0.08164965809277262
4568, 0.08164965809277262
9047, 0.08164965809277262
526, 0.08164965809277262
669, 0.08164965809277262
1233, 0.08164965809277262
1252, 0.08164965809277262
1299, 0.08164965809277262
3299, 0.08164965809277262
3818, 0.08164965809277262
8762, 0.08164965809277262
1075, 0.08164965809277262
1141, 0.08164965809277262
3524, 0.08164965809277262
5627, 0.08164965809277262
2983, 0.08164965809277261
1139, 0.07756717518813398
3907, 0.07756717518813398
4629, 0.07756717518813398
9186, 0.07756717518813398
3821, 0.07756717518813398
200, 0.07756717518813398
538, 0.07756717518813398
547, 0.07756717518813398
568, 0.07756717518813398
1200, 0.07756717518813398
1227, 0.07756717518813398
1297, 0.07756717518813398
3292, 0.07756717518813398
3474, 0.07756717518813398
4266, 0.07756717518813398
4693, 0.07756717518813398
8873, 0.07756717518813398
8900, 0.07756717518813398
554, 0.07348469228349536
3915, 0.07348469228349536
948, 0.07348469228349536
8944, 0.07348469228349536
9027, 0.07348469228349536
205, 0.07348469228349536
217, 0.07348469228349536
218, 0.07348469228349536
1226, 0.07348469228349536
1263, 0.07348469228349536
1293, 0.07348469228349536
1336, 0.07348469228349536
3252, 0.07348469228349536
3347, 0.07348469228349536
8771, 0.07348469228349536
8862, 0.07348469228349536
527, 0.07348469228349536
1070, 0.07348469228349536
3589, 0.07348469228349536
2209, 0.06940220937885673
2224, 0.06940220937885673
3918, 0.06940220937885673
9177, 0.06940220937885673
475, 0.06940220937885673
1135, 0.06940220937885673
1729, 0.06940220937885673
3615, 0.06940220937885673
4505, 0.06940220937885673
9168, 0.06940220937885673
461, 0.06940220937885673
534, 0.06940220937885673
1219, 0.06940220937885673
1229, 0.06940220937885673
1238, 0.06940220937885673
1273, 0.06940220937885673
1338, 0.06940220937885673
1514, 0.06940220937885673
8846, 0.06940220937885673
8861, 0.06940220937885673
1096, 0.06940220937885673
1102, 0.06940220937885673
1105, 0.06940220937885673
1106, 0.06940220937885673
1108, 0.06940220937885673
2952, 0.06940220937885673
3648, 0.06940220937885673
4606, 0.06940220937885673
4256, 0.06940220937885673
9056, 0.06940220937885673
2989, 0.06940220937885673
2990, 0.06940220937885673
3193, 0.06940220937885673
4198, 0.06531972647421809
9176, 0.06531972647421809
3076, 0.06531972647421809
3473, 0.06531972647421809
3832, 0.06531972647421809
4417, 0.06531972647421809
8810, 0.06531972647421809
4, 0.06531972647421809
210, 0.06531972647421809
546, 0.06531972647421809
549, 0.06531972647421809
1250, 0.06531972647421809
1275, 0.06531972647421809
3125, 0.06531972647421809
3321, 0.06531972647421809
3361, 0.06531972647421809
4279, 0.06531972647421809
4399, 0.06531972647421809
4585, 0.06531972647421809
8750, 0.06531972647421809
9081, 0.06531972647421809
1074, 0.06531972647421809
1078, 0.06531972647421809
1087, 0.06531972647421809
1125, 0.06531972647421809
1134, 0.06531972647421809
1634, 0.06531972647421809
2231, 0.06531972647421809
3819, 0.06531972647421809
620, 0.06531972647421809
463, 0.06531972647421809
2979, 0.06531972647421809
3016, 0.06531972647421809
1319, 0.061237243569579464
2218, 0.06123724356957946
506, 0.06123724356957946
4370, 0.06123724356957946
4599, 0.06123724356957946
4625, 0.06123724356957946
8896, 0.06123724356957946
9178, 0.06123724356957946
523, 0.06123724356957946
551, 0.06123724356957946
1298, 0.06123724356957946
1807, 0.06123724356957946
4549, 0.06123724356957946
8885, 0.06123724356957946
8899, 0.06123724356957946
8919, 0.06123724356957946
9132, 0.06123724356957946
1248, 0.06123724356957946
1747, 0.06123724356957946
2105, 0.06123724356957946
3072, 0.06123724356957946
4238, 0.06123724356957946
4333, 0.06123724356957946
4597, 0.06123724356957946
9211, 0.06123724356957946
651, 0.06123724356957946
2869, 0.06123724356957946
3621, 0.06123724356957946
424, 0.05715476066494084
550, 0.05715476066494084
4557, 0.05715476066494084
4633, 0.05715476066494084
4950, 0.05715476066494084
487, 0.05715476066494084
1290, 0.05715476066494084
1361, 0.05715476066494084
1587, 0.05715476066494084
2116, 0.05715476066494084
4015, 0.05715476066494084
4016, 0.05715476066494084
4202, 0.05715476066494084
4414, 0.05715476066494084
4482, 0.05715476066494084
9145, 0.05715476066494084
9149, 0.05715476066494084
522, 0.05715476066494084
541, 0.05715476066494084
922, 0.05715476066494084
1264, 0.05715476066494084
1266, 0.05715476066494084
1684, 0.05715476066494084
2221, 0.05715476066494084
3324, 0.05715476066494084
3884, 0.05715476066494084
4388, 0.05715476066494084
9053, 0.05715476066494084
477, 0.05715476066494084
986, 0.05715476066494084
1088, 0.05715476066494084
1090, 0.05715476066494084
1174, 0.05715476066494084
1860, 0.05715476066494084
3457, 0.05715476066494084
3605, 0.05715476066494084
181, 0.05715476066494084
2958, 0.05715476066494084
2997, 0.05715476066494084
3461, 0.05715476066494084
4389, 0.05715476066494084
532, 0.053072277760302204
684, 0.053072277760302204
2251, 0.053072277760302204
3075, 0.053072277760302204
9298, 0.053072277760302204
204, 0.053072277760302204
1376, 0.053072277760302204
1558, 0.053072277760302204
1725, 0.053072277760302204
3475, 0.053072277760302204
3844, 0.053072277760302204
4117, 0.053072277760302204
4500, 0.053072277760302204
4748, 0.053072277760302204
8895, 0.053072277760302204
9011, 0.053072277760302204
9078, 0.053072277760302204
9126, 0.053072277760302204
9153, 0.053072277760302204
9184, 0.053072277760302204
1205, 0.053072277760302204
2216, 0.053072277760302204
4381, 0.053072277760302204
8798, 0.053072277760302204
8887, 0.053072277760302204
8917, 0.053072277760302204
8925, 0.053072277760302204
9102, 0.053072277760302204
9151, 0.053072277760302204
1131, 0.053072277760302204
1132, 0.053072277760302204
2906, 0.053072277760302204
5337, 0.053072277760302204
641, 0.053072277760302204
896, 0.053072277760302204
944, 0.053072277760302204
8791, 0.053072277760302204
2991, 0.053072277760302204
4350, 0.053072277760302204
4394, 0.053072277760302204
427, 0.048989794855663564
478, 0.048989794855663564
1098, 0.048989794855663564
1767, 0.048989794855663564
5138, 0.048989794855663564
20, 0.048989794855663564
421, 0.048989794855663564
450, 0.048989794855663564
971, 0.048989794855663564
1217, 0.048989794855663564
1531, 0.048989794855663564
1766, 0.048989794855663564
2977, 0.048989794855663564
3288, 0.048989794855663564
3879, 0.048989794855663564
4020, 0.048989794855663564
4099, 0.048989794855663564
4535, 0.048989794855663564
4611, 0.048989794855663564
4640, 0.048989794855663564
8814, 0.048989794855663564
8840, 0.048989794855663564
8852, 0.048989794855663564
8874, 0.048989794855663564
459, 0.048989794855663564
1208, 0.048989794855663564
1232, 0.048989794855663564
1242, 0.048989794855663564
1269, 0.048989794855663564
1287, 0.048989794855663564
1379, 0.048989794855663564
3113, 0.048989794855663564
3124, 0.048989794855663564
3245, 0.048989794855663564
3315, 0.048989794855663564
3860, 0.048989794855663564
4331, 0.048989794855663564
4688, 0.048989794855663564
4767, 0.048989794855663564
8736, 0.048989794855663564
8765, 0.048989794855663564
8826, 0.048989794855663564
985, 0.048989794855663564
3829, 0.048989794855663564
9172, 0.048989794855663564
914, 0.048989794855663564
1053, 0.048989794855663564
1206, 0.048989794855663564
1211, 0.048989794855663564
1465, 0.048989794855663564
8824, 0.048989794855663564
8854, 0.048989794855663564
9045, 0.048989794855663564
2981, 0.048989794855663564
3099, 0.048989794855663564
4387, 0.048989794855663564
1140, 0.04490731195102494
3106, 0.04490731195102494
163, 0.04490731195102494
489, 0.04490731195102494
495, 0.04490731195102494
500, 0.04490731195102494
709, 0.04490731195102494
961, 0.04490731195102494
1291, 0.04490731195102494
1355, 0.04490731195102494
1483, 0.04490731195102494
1506, 0.04490731195102494
1512, 0.04490731195102494
1525, 0.04490731195102494
3249, 0.04490731195102494
3296, 0.04490731195102494
3352, 0.04490731195102494
3445, 0.04490731195102494
3460, 0.04490731195102494
3608, 0.04490731195102494
3654, 0.04490731195102494
3655, 0.04490731195102494
4078, 0.04490731195102494
4100, 0.04490731195102494
4177, 0.04490731195102494
4265, 0.04490731195102494
4391, 0.04490731195102494
4407, 0.04490731195102494
4472, 0.04490731195102494
5757, 0.04490731195102494
8818, 0.04490731195102494
8918, 0.04490731195102494
8921, 0.04490731195102494
8999, 0.04490731195102494
9025, 0.04490731195102494
9202, 0.04490731195102494
190, 0.04490731195102494
458, 0.04490731195102494
690, 0.04490731195102494
1259, 0.04490731195102494
1655, 0.04490731195102494
2876, 0.04490731195102494
3111, 0.04490731195102494
3126, 0.04490731195102494
3142, 0.04490731195102494
4270, 0.04490731195102494
4584, 0.04490731195102494
4684, 0.04490731195102494
4692, 0.04490731195102494
8832, 0.04490731195102494
8930, 0.04490731195102494
498, 0.04490731195102494
1113, 0.04490731195102494
1478, 0.04490731195102494
1541, 0.04490731195102494
1542, 0.04490731195102494
1858, 0.04490731195102494
2281, 0.04490731195102494
2988, 0.04490731195102494
3246, 0.04490731195102494
3826, 0.04490731195102494
617, 0.04490731195102494
1247, 0.04490731195102494
1664, 0.04490731195102494
3143, 0.04490731195102494
4263, 0.04490731195102494
4363, 0.04490731195102494
4377, 0.04490731195102494
4425, 0.04490731195102494
8746, 0.04490731195102494
8820, 0.04490731195102494
9042, 0.04490731195102494
9137, 0.04490731195102494
2908, 0.04490731195102494
3008, 0.04490731195102494
9127, 0.04490731195102494
4277, 0.04082482904638631
199, 0.04082482904638631
201, 0.04082482904638631
466, 0.04082482904638631
469, 0.04082482904638631
518, 0.04082482904638631
728, 0.04082482904638631
945, 0.04082482904638631
1184, 0.04082482904638631
1207, 0.04082482904638631
1260, 0.04082482904638631
1323, 0.04082482904638631
1498, 0.04082482904638631
1559, 0.04082482904638631
1589, 0.04082482904638631
1804, 0.04082482904638631
2268, 0.04082482904638631
2336, 0.04082482904638631
2366, 0.04082482904638631
3112, 0.04082482904638631
3301, 0.04082482904638631
3337, 0.04082482904638631
3441, 0.04082482904638631
3627, 0.04082482904638631
3657, 0.04082482904638631
4098, 0.04082482904638631
4116, 0.04082482904638631
4121, 0.04082482904638631
4209, 0.04082482904638631
4368, 0.04082482904638631
4506, 0.04082482904638631
4512, 0.04082482904638631
4516, 0.04082482904638631
4526, 0.04082482904638631
4534, 0.04082482904638631
4576, 0.04082482904638631
4750, 0.04082482904638631
4754, 0.04082482904638631
4756, 0.04082482904638631
5960, 0.04082482904638631
8864, 0.04082482904638631
9026, 0.04082482904638631
9050, 0.04082482904638631
9130, 0.04082482904638631
9181, 0.04082482904638631
9199, 0.04082482904638631
211, 0.04082482904638631
1230, 0.04082482904638631
1258, 0.04082482904638631
1262, 0.04082482904638631
1279, 0.04082482904638631
1295, 0.04082482904638631
1296, 0.04082482904638631
1398, 0.04082482904638631
1503, 0.04082482904638631
2877, 0.04082482904638631
8752, 0.04082482904638631
8766, 0.04082482904638631
8851, 0.04082482904638631
8909, 0.04082482904638631
9162, 0.04082482904638631
492, 0.04082482904638631
593, 0.04082482904638631
1126, 0.04082482904638631
1311, 0.04082482904638631
2103, 0.04082482904638631
4560, 0.04082482904638631
182, 0.04082482904638631
209, 0.04082482904638631
432, 0.04082482904638631
567, 0.04082482904638631
589, 0.04082482904638631
1688, 0.04082482904638631
1840, 0.04082482904638631
4296, 0.04082482904638631
8811, 0.04082482904638631
8842, 0.04082482904638631
8931, 0.04082482904638631
8932, 0.04082482904638631
8936, 0.04082482904638631
8996, 0.04082482904638631
9159, 0.04082482904638631
1026, 0.04082482904638631
1183, 0.04082482904638631
2992, 0.04082482904638631
4342, 0.03674234614174768
5569, 0.03674234614174768
913, 0.03674234614174768
1052, 0.03674234614174768
1054, 0.03674234614174768
1188, 0.03674234614174768
1267, 0.03674234614174768
1445, 0.03674234614174768
1528, 0.03674234614174768
3138, 0.03674234614174768
3375, 0.03674234614174768
3899, 0.03674234614174768
4155, 0.03674234614174768
4457, 0.03674234614174768
4608, 0.03674234614174768
4725, 0.03674234614174768
8845, 0.03674234614174768
8994, 0.03674234614174768
9024, 0.03674234614174768
919, 0.03674234614174768
1209, 0.03674234614174768
1251, 0.03674234614174768
1280, 0.03674234614174768
2358, 0.03674234614174768
2885, 0.03674234614174768
4759, 0.03674234614174768
8883, 0.03674234614174768
8920, 0.03674234614174768
521, 0.03674234614174768
1303, 0.03674234614174768
1853, 0.03674234614174768
2339, 0.03674234614174768
3851, 0.03674234614174768
4764, 0.03674234614174768
638, 0.03674234614174768
898, 0.03674234614174768
911, 0.03674234614174768
1794, 0.03674234614174768
8761, 0.03674234614174768
8825, 0.03674234614174768
9142, 0.03674234614174768
4278, 0.03674234614174768
1181, 0.032659863237109045
600, 0.032659863237109045
605, 0.032659863237109045
1065, 0.032659863237109045
1193, 0.032659863237109045
1476, 0.032659863237109045
1810, 0.032659863237109045
2936, 0.032659863237109045
3834, 0.032659863237109045
4563, 0.032659863237109045
4566, 0.032659863237109045
4765, 0.032659863237109045
9049, 0.032659863237109045
1848, 0.032659863237109045
907, 0.032659863237109045
3835, 0.032659863237109045
3858, 0.032659863237109045
1191, 0.032659863237109045
3867, 0.032659863237109045
8823, 0.032659863237109045
1058, 0.032659863237109045
4743, 0.032659863237109045
4758, 0.032659863237109045
1064, 0.02857738033247042
4184, 0.024494897427831782
