3792, 0.18475208614068028
3599, 0.16165807537309526
4353, 0.15588457268119899
527, 0.1443375672974065
584, 0.1385640646055102
479, 0.13856406460551018
586, 0.13856406460551018
3595, 0.13279056191361394
647, 0.1270170592217177
1016, 0.1270170592217177
4099, 0.1270170592217177
2365, 0.12124355652982143
1005, 0.11547005383792518
1545, 0.11547005383792518
3132, 0.11547005383792518
3459, 0.11547005383792518
4082, 0.11547005383792518
2218, 0.10969655114602891
3133, 0.10969655114602891
1546, 0.10392304845413265
2223, 0.10392304845413265
4607, 0.10392304845413265
4751, 0.10392304845413265
1434, 0.0981495457622364
1435, 0.0981495457622364
1552, 0.0981495457622364
1563, 0.0981495457622364
4113, 0.0981495457622364
525, 0.09237604307034014
3889, 0.09237604307034014
4632, 0.09237604307034014
4750, 0.09237604307034014
2335, 0.08660254037844388
2352, 0.08660254037844388
4597, 0.08660254037844388
4759, 0.08660254037844388
2265, 0.08660254037844388
4275, 0.08660254037844388
439, 0.08082903768654763
1561, 0.08082903768654763
2220, 0.08082903768654763
3114, 0.08082903768654763
3117, 0.08082903768654763
3139, 0.08082903768654763
4570, 0.08082903768654763
4618, 0.08082903768654763
471, 0.08082903768654763
578, 0.08082903768654763
337, 0.07505553499465137
543, 0.07505553499465137
1028, 0.07505553499465137
1312, 0.07505553499465137
1549, 0.07505553499465137
1555, 0.07505553499465137
1566, 0.07505553499465137
3145, 0.07505553499465137
532, 0.07505553499465137
4695, 0.07505553499465137
9298, 0.07505553499465137
1053, 0.06928203230275509
1553, 0.06928203230275509
2883, 0.06928203230275509
3121, 0.06928203230275509
3482, 0.06928203230275509
3652, 0.06928203230275509
4086, 0.06928203230275509
4606, 0.06928203230275509
4950, 0.06928203230275509
583, 0.06928203230275509
4691, 0.06928203230275509
1001, 0.06350852961085884
1547, 0.06350852961085884
1560, 0.06350852961085884
1718, 0.06350852961085884
3149, 0.06350852961085884
4280, 0.06350852961085884
4391, 0.06350852961085884
528, 0.06350852961085884
539, 0.06350852961085884
4692, 0.06350852961085884
9177, 0.06350852961085884
7, 0.05773502691896259
476, 0.05773502691896259
1183, 0.05773502691896259
1266, 0.05773502691896259
1344, 0.05773502691896259
1581, 0.05773502691896259
3259, 0.05773502691896259
3592, 0.05773502691896259
3903, 0.05773502691896259
567, 0.05773502691896259
1214, 0.051961524227066326
1338, 0.051961524227066326
2882, 0.051961524227066326
3138, 0.051961524227066326
4685, 0.051961524227066326
561, 0.051961524227066326
569, 0.051961524227066326
9166, 0.051961524227066326
1398, 0.04618802153517007
1556, 0.04618802153517007
4279, 0.04618802153517007
9176, 0.04618802153517007
