1169, 0.3130495168499705
1291, 0.25043961347997645
1213, 0.223606797749979
682, 0.20571825392998067
3671, 0.20124611797498107
3247, 0.1967739820199815
705, 0.18782971010998234
8798, 0.18782971010998234
9038, 0.18335757415498277
3767, 0.18335757415498274
1347, 0.18335757415498274
3326, 0.18335757415498274
1283, 0.17888543819998318
8859, 0.1744133022449836
8999, 0.1744133022449836
4303, 0.17441330224498358
8837, 0.17441330224498358
875, 0.169941166289984
1647, 0.169941166289984
9129, 0.169941166289984
462, 0.16546903033498445
1299, 0.16546903033498445
208, 0.16099689437998488
198, 0.16099689437998485
1287, 0.15652475842498528
1655, 0.15652475842498528
9101, 0.15652475842498528
24, 0.15652475842498526
2838, 0.15652475842498526
3542, 0.1520526224699857
8897, 0.1520526224699857
904, 0.14758048651498612
1820, 0.14758048651498612
2890, 0.14758048651498612
1514, 0.14758048651498612
9056, 0.14758048651498612
9096, 0.14758048651498612
2834, 0.14758048651498612
546, 0.14310835055998655
1027, 0.14310835055998655
2847, 0.14310835055998655
1245, 0.14310835055998655
4744, 0.14310835055998655
1821, 0.14310835055998655
3251, 0.13863621460498698
1278, 0.13863621460498696
2893, 0.13863621460498696
1241, 0.13863621460498696
8750, 0.13863621460498696
1519, 0.1341640786499874
1557, 0.1341640786499874
1808, 0.1341640786499874
2881, 0.1341640786499874
3317, 0.1341640786499874
8890, 0.1341640786499874
1231, 0.1341640786499874
1244, 0.1341640786499874
1264, 0.1341640786499874
1523, 0.1341640786499874
2873, 0.1341640786499874
3854, 0.1341640786499874
1161, 0.13416407864998736
1257, 0.13416407864998736
9050, 0.13416407864998736
714, 0.13416407864998736
1300, 0.1296919426949878
3115, 0.1296919426949878
4528, 0.1296919426949878
575, 0.1296919426949878
4776, 0.1296919426949878
8802, 0.1296919426949878
3311, 0.1296919426949878
6, 0.12521980673998823
3551, 0.12521980673998823
4383, 0.12521980673998823
8853, 0.12521980673998823
3457, 0.12521980673998823
8769, 0.12521980673998823
8811, 0.12521980673998823
9180, 0.12521980673998823
2858, 0.12521980673998823
3293, 0.12521980673998823
1274, 0.12074767078498866
9137, 0.12074767078498866
472, 0.12074767078498864
9188, 0.12074767078498864
4637, 0.12074767078498864
2327, 0.12074767078498863
3315, 0.12074767078498863
1246, 0.12074767078498863
3144, 0.12074767078498863
3747, 0.11627553482998906
3833, 0.11627553482998906
9037, 0.11627553482998906
194, 0.11627553482998906
3859, 0.11627553482998906
8827, 0.11627553482998906
8845, 0.11627553482998906
8809, 0.11627553482998906
678, 0.1118033988749895
3141, 0.1118033988749895
3357, 0.1118033988749895
1243, 0.1118033988749895
3288, 0.1118033988749895
9036, 0.1118033988749895
687, 0.1118033988749895
4404, 0.11180339887498948
2319, 0.11180339887498948
2850, 0.11180339887498948
1225, 0.11180339887498947
8931, 0.11180339887498947
9039, 0.11180339887498947
1715, 0.10733126291998991
4491, 0.1073312629199899
8860, 0.1073312629199899
908, 0.1073312629199899
3248, 0.1073312629199899
3250, 0.1073312629199899
4767, 0.1073312629199899
8831, 0.1073312629199899
9058, 0.1073312629199899
2877, 0.1073312629199899
3337, 0.1073312629199899
4232, 0.1073312629199899
9122, 0.1073312629199899
688, 0.1073312629199899
3287, 0.1073312629199899
8751, 0.1073312629199899
21, 0.10285912696499033
1352, 0.10285912696499033
3111, 0.10285912696499033
4597, 0.10285912696499033
9127, 0.10285912696499033
211, 0.10285912696499033
909, 0.10285912696499033
8961, 0.10285912696499033
704, 0.10285912696499033
3511, 0.10285912696499033
1253, 0.10285912696499033
2324, 0.10285912696499033
3350, 0.10285912696499033
2196, 0.09838699100999075
3319, 0.09838699100999075
4177, 0.09838699100999075
4259, 0.09838699100999075
4307, 0.09838699100999075
8891, 0.09838699100999075
893, 0.09838699100999075
1189, 0.09838699100999075
1211, 0.09838699100999075
1229, 0.09838699100999075
8732, 0.09838699100999075
8760, 0.09838699100999075
33, 0.09838699100999075
4241, 0.09838699100999075
672, 0.09838699100999075
715, 0.09838699100999075
1270, 0.09838699100999075
1850, 0.09838699100999075
4257, 0.09838699100999075
4306, 0.09838699100999075
589, 0.09838699100999074
4092, 0.09838699100999074
4764, 0.09838699100999074
1335, 0.09391485505499117
8823, 0.09391485505499117
8937, 0.09391485505499117
1369, 0.09391485505499117
2370, 0.09391485505499116
3313, 0.09391485505499116
4403, 0.09391485505499116
1226, 0.09391485505499116
1232, 0.09391485505499116
9163, 0.09391485505499116
691, 0.09391485505499116
724, 0.09391485505499116
1653, 0.09391485505499116
1816, 0.09391485505499116
3296, 0.09391485505499116
8836, 0.09391485505499116
618, 0.08944271909999159
1434, 0.08944271909999159
1462, 0.08944271909999159
1485, 0.08944271909999159
1665, 0.08944271909999159
2366, 0.08944271909999159
4697, 0.08944271909999159
9006, 0.08944271909999159
9057, 0.08944271909999159
9159, 0.08944271909999159
681, 0.08944271909999159
1242, 0.08944271909999159
1262, 0.08944271909999159
4269, 0.08944271909999159
905, 0.08944271909999159
3244, 0.08944271909999159
3817, 0.08944271909999159
4490, 0.08944271909999159
4549, 0.08944271909999159
4592, 0.08944271909999159
9007, 0.08944271909999159
457, 0.08944271909999159
191, 0.08944271909999159
199, 0.08944271909999159
201, 0.08944271909999159
656, 0.08944271909999159
716, 0.08944271909999159
1271, 0.08944271909999159
1608, 0.08944271909999159
1788, 0.08944271909999159
2230, 0.08944271909999159
2896, 0.08944271909999159
3299, 0.08944271909999159
3462, 0.08944271909999159
8766, 0.08944271909999159
8899, 0.08944271909999159
8921, 0.08944271909999159
1178, 0.084970583144992
3547, 0.084970583144992
4279, 0.084970583144992
4314, 0.084970583144992
669, 0.084970583144992
4593, 0.084970583144992
4610, 0.084970583144992
8898, 0.084970583144992
9178, 0.084970583144992
1863, 0.084970583144992
8958, 0.084970583144992
11, 0.084970583144992
568, 0.084970583144992
645, 0.084970583144992
689, 0.084970583144992
721, 0.084970583144992
1236, 0.084970583144992
1255, 0.084970583144992
1282, 0.084970583144992
3120, 0.084970583144992
3607, 0.084970583144992
3843, 0.084970583144992
4668, 0.084970583144992
8812, 0.084970583144992
8926, 0.084970583144992
1488, 0.08049844718999244
976, 0.08049844718999243
1448, 0.08049844718999243
1565, 0.08049844718999243
4212, 0.08049844718999243
4397, 0.08049844718999243
4636, 0.08049844718999243
8735, 0.08049844718999243
8736, 0.08049844718999243
9369, 0.08049844718999243
877, 0.08049844718999243
1208, 0.08049844718999243
2872, 0.08049844718999243
3146, 0.08049844718999243
3245, 0.08049844718999243
4041, 0.08049844718999243
4198, 0.08049844718999243
4611, 0.08049844718999243
9121, 0.08049844718999243
8840, 0.08049844718999243
9111, 0.08049844718999243
19, 0.08049844718999243
679, 0.08049844718999243
1207, 0.08049844718999243
1217, 0.08049844718999243
1391, 0.08049844718999243
1796, 0.08049844718999243
1817, 0.08049844718999243
1851, 0.08049844718999243
2205, 0.08049844718999243
2361, 0.08049844718999243
2371, 0.08049844718999243
4220, 0.08049844718999243
8852, 0.08049844718999243
8996, 0.08049844718999243
9147, 0.08049844718999243
3869, 0.07602631123499286
4042, 0.07602631123499286
4407, 0.07602631123499286
4602, 0.07602631123499286
1766, 0.07602631123499286
1200, 0.07602631123499286
1235, 0.07602631123499286
2334, 0.07602631123499286
2895, 0.07602631123499286
4544, 0.07602631123499286
1449, 0.07602631123499286
9119, 0.07602631123499286
172, 0.07602631123499286
175, 0.07602631123499286
642, 0.07602631123499286
1220, 0.07602631123499286
1238, 0.07602631123499286
1254, 0.07602631123499286
1786, 0.07602631123499286
1805, 0.07602631123499286
1833, 0.07602631123499286
2216, 0.07602631123499286
2320, 0.07602631123499286
3297, 0.07602631123499286
3333, 0.07602631123499286
8844, 0.07602631123499286
8901, 0.07602631123499286
8950, 0.07602631123499286
8951, 0.07602631123499286
9031, 0.07602631123499286
914, 0.07155417527999328
1414, 0.07155417527999328
1810, 0.07155417527999328
3661, 0.07155417527999328
3821, 0.07155417527999328
4300, 0.07155417527999328
4567, 0.07155417527999328
8779, 0.07155417527999328
9049, 0.07155417527999328
9368, 0.07155417527999328
197, 0.07155417527999328
1256, 0.07155417527999328
1272, 0.07155417527999328
1280, 0.07155417527999328
1542, 0.07155417527999328
1606, 0.07155417527999328
2880, 0.07155417527999328
3135, 0.07155417527999328
4534, 0.07155417527999328
4614, 0.07155417527999328
5319, 0.07155417527999328
8886, 0.07155417527999328
9186, 0.07155417527999328
982, 0.07155417527999328
1031, 0.07155417527999328
1180, 0.07155417527999328
3321, 0.07155417527999328
3507, 0.07155417527999328
4062, 0.07155417527999328
4286, 0.07155417527999328
8893, 0.07155417527999328
8990, 0.07155417527999328
702, 0.07155417527999328
703, 0.07155417527999328
708, 0.07155417527999328
901, 0.07155417527999328
1037, 0.07155417527999328
1206, 0.07155417527999328
1261, 0.07155417527999328
1276, 0.07155417527999328
1509, 0.07155417527999328
3598, 0.07155417527999328
4114, 0.07155417527999328
4630, 0.07155417527999328
8894, 0.07155417527999328
9064, 0.07155417527999328
9066, 0.07155417527999328
569, 0.06708203932499368
696, 0.06708203932499368
1334, 0.06708203932499368
1749, 0.06708203932499368
1809, 0.06708203932499368
3524, 0.06708203932499368
4037, 0.06708203932499368
4204, 0.06708203932499368
4634, 0.06708203932499368
8987, 0.06708203932499368
670, 0.06708203932499368
1292, 0.06708203932499368
206, 0.06708203932499368
1216, 0.06708203932499368
1689, 0.06708203932499368
1751, 0.06708203932499368
2335, 0.06708203932499368
3648, 0.06708203932499368
4238, 0.06708203932499368
6168, 0.06708203932499368
8904, 0.06708203932499368
9093, 0.06708203932499368
9184, 0.06708203932499368
337, 0.06708203932499368
458, 0.06708203932499368
1221, 0.06708203932499368
1461, 0.06708203932499368
1624, 0.06708203932499368
3320, 0.06708203932499368
3589, 0.06708203932499368
4671, 0.06708203932499368
14, 0.06708203932499368
18, 0.06708203932499368
193, 0.06708203932499368
686, 0.06708203932499368
693, 0.06708203932499368
720, 0.06708203932499368
902, 0.06708203932499368
1204, 0.06708203932499368
1267, 0.06708203932499368
2322, 0.06708203932499368
4333, 0.06708203932499368
8791, 0.06708203932499368
8907, 0.06708203932499368
9086, 0.06708203932499368
428, 0.06260990336999411
1008, 0.06260990336999411
1726, 0.06260990336999411
2197, 0.06260990336999411
2999, 0.06260990336999411
3442, 0.06260990336999411
3902, 0.06260990336999411
4189, 0.06260990336999411
4242, 0.06260990336999411
4284, 0.06260990336999411
4394, 0.06260990336999411
9025, 0.06260990336999411
9291, 0.06260990336999411
9296, 0.06260990336999411
216, 0.06260990336999411
1247, 0.06260990336999411
1859, 0.06260990336999411
164, 0.06260990336999411
897, 0.06260990336999411
1088, 0.06260990336999411
1228, 0.06260990336999411
1279, 0.06260990336999411
1860, 0.06260990336999411
2284, 0.06260990336999411
2997, 0.06260990336999411
3252, 0.06260990336999411
5327, 0.06260990336999411
8957, 0.06260990336999411
9023, 0.06260990336999411
9120, 0.06260990336999411
9148, 0.06260990336999411
1395, 0.06260990336999411
8803, 0.06260990336999411
522, 0.06260990336999411
680, 0.06260990336999411
711, 0.06260990336999411
712, 0.06260990336999411
713, 0.06260990336999411
1290, 0.06260990336999411
1294, 0.06260990336999411
1361, 0.06260990336999411
1842, 0.06260990336999411
1852, 0.06260990336999411
3114, 0.06260990336999411
3122, 0.06260990336999411
3510, 0.06260990336999411
3518, 0.06260990336999411
4053, 0.06260990336999411
4105, 0.06260990336999411
4743, 0.06260990336999411
8793, 0.06260990336999411
8906, 0.06260990336999411
9135, 0.06260990336999411
9145, 0.06260990336999411
9149, 0.06260990336999411
474, 0.05813776741499453
492, 0.05813776741499453
516, 0.05813776741499453
597, 0.05813776741499453
601, 0.05813776741499453
643, 0.05813776741499453
1022, 0.05813776741499453
1353, 0.05813776741499453
1548, 0.05813776741499453
3125, 0.05813776741499453
3385, 0.05813776741499453
4024, 0.05813776741499453
4102, 0.05813776741499453
4258, 0.05813776741499453
4276, 0.05813776741499453
4400, 0.05813776741499453
4580, 0.05813776741499453
4629, 0.05813776741499453
4635, 0.05813776741499453
5957, 0.05813776741499453
8786, 0.05813776741499453
8865, 0.05813776741499453
9046, 0.05813776741499453
9154, 0.05813776741499453
9292, 0.05813776741499453
9298, 0.05813776741499453
2325, 0.05813776741499453
1127, 0.05813776741499453
1555, 0.05813776741499453
3880, 0.05813776741499453
5800, 0.05813776741499453
6021, 0.05813776741499453
6055, 0.05813776741499453
9138, 0.05813776741499453
1580, 0.05813776741499453
3341, 0.05813776741499453
4066, 0.05813776741499453
4289, 0.05813776741499453
9011, 0.05813776741499453
9073, 0.05813776741499453
9126, 0.05813776741499453
9199, 0.05813776741499453
1013, 0.05813776741499453
1277, 0.05813776741499453
1286, 0.05813776741499453
1324, 0.05813776741499453
1344, 0.05813776741499453
1429, 0.05813776741499453
1460, 0.05813776741499453
1563, 0.05813776741499453
2339, 0.05813776741499453
3127, 0.05813776741499453
3818, 0.05813776741499453
4085, 0.05813776741499453
8864, 0.05813776741499453
9102, 0.05813776741499453
20, 0.05366563145999495
464, 0.05366563145999495
609, 0.05366563145999495
632, 0.05366563145999495
699, 0.05366563145999495
998, 0.05366563145999495
1341, 0.05366563145999495
1487, 0.05366563145999495
1744, 0.05366563145999495
2102, 0.05366563145999495
2208, 0.05366563145999495
2231, 0.05366563145999495
3099, 0.05366563145999495
3150, 0.05366563145999495
3292, 0.05366563145999495
3342, 0.05366563145999495
3373, 0.05366563145999495
3515, 0.05366563145999495
3550, 0.05366563145999495
3604, 0.05366563145999495
3649, 0.05366563145999495
3917, 0.05366563145999495
4111, 0.05366563145999495
4282, 0.05366563145999495
4342, 0.05366563145999495
4424, 0.05366563145999495
4728, 0.05366563145999495
4775, 0.05366563145999495
8903, 0.05366563145999495
8975, 0.05366563145999495
9018, 0.05366563145999495
9069, 0.05366563145999495
649, 0.05366563145999495
1186, 0.05366563145999495
1202, 0.05366563145999495
1269, 0.05366563145999495
1623, 0.05366563145999495
2290, 0.05366563145999495
2876, 0.05366563145999495
3133, 0.05366563145999495
3138, 0.05366563145999495
3529, 0.05366563145999495
3559, 0.05366563145999495
3860, 0.05366563145999495
4570, 0.05366563145999495
4596, 0.05366563145999495
4688, 0.05366563145999495
8825, 0.05366563145999495
8884, 0.05366563145999495
9008, 0.05366563145999495
9166, 0.05366563145999495
637, 0.05366563145999495
1442, 0.05366563145999495
1567, 0.05366563145999495
3548, 0.05366563145999495
4071, 0.05366563145999495
4315, 0.05366563145999495
9172, 0.05366563145999495
170, 0.05366563145999495
685, 0.05366563145999495
903, 0.05366563145999495
1239, 0.05366563145999495
1275, 0.05366563145999495
1285, 0.05366563145999495
1338, 0.05366563145999495
1635, 0.05366563145999495
1747, 0.05366563145999495
1795, 0.05366563145999495
2883, 0.05366563145999495
3121, 0.05366563145999495
3331, 0.05366563145999495
3464, 0.05366563145999495
3569, 0.05366563145999495
3888, 0.05366563145999495
4262, 0.05366563145999495
4302, 0.05366563145999495
4331, 0.05366563145999495
4687, 0.05366563145999495
8830, 0.05366563145999495
8992, 0.05366563145999495
9091, 0.05366563145999495
9156, 0.05366563145999495
166, 0.049193495504995376
473, 0.049193495504995376
496, 0.049193495504995376
498, 0.049193495504995376
957, 0.049193495504995376
973, 0.049193495504995376
1173, 0.049193495504995376
1176, 0.049193495504995376
1307, 0.049193495504995376
1532, 0.049193495504995376
1543, 0.049193495504995376
1560, 0.049193495504995376
1643, 0.049193495504995376
2363, 0.049193495504995376
2870, 0.049193495504995376
2905, 0.049193495504995376
3100, 0.049193495504995376
3105, 0.049193495504995376
3106, 0.049193495504995376
3249, 0.049193495504995376
3497, 0.049193495504995376
3909, 0.049193495504995376
4079, 0.049193495504995376
4124, 0.049193495504995376
4267, 0.049193495504995376
4388, 0.049193495504995376
4389, 0.049193495504995376
4398, 0.049193495504995376
4415, 0.049193495504995376
4496, 0.049193495504995376
4510, 0.049193495504995376
6043, 0.049193495504995376
6096, 0.049193495504995376
8800, 0.049193495504995376
8834, 0.049193495504995376
8944, 0.049193495504995376
9020, 0.049193495504995376
9256, 0.049193495504995376
1401, 0.049193495504995376
3354, 0.049193495504995376
558, 0.049193495504995376
2891, 0.049193495504995376
3246, 0.049193495504995376
3894, 0.049193495504995376
4391, 0.049193495504995376
4547, 0.049193495504995376
5992, 0.049193495504995376
6003, 0.049193495504995376
536, 0.049193495504995376
571, 0.049193495504995376
1042, 0.049193495504995376
1305, 0.049193495504995376
1315, 0.049193495504995376
1483, 0.049193495504995376
1629, 0.049193495504995376
3815, 0.049193495504995376
3845, 0.049193495504995376
4046, 0.049193495504995376
4207, 0.049193495504995376
4316, 0.049193495504995376
4356, 0.049193495504995376
4693, 0.049193495504995376
8745, 0.049193495504995376
9055, 0.049193495504995376
9098, 0.049193495504995376
907, 0.049193495504995376
1066, 0.049193495504995376
1360, 0.049193495504995376
1418, 0.049193495504995376
1798, 0.049193495504995376
2892, 0.049193495504995376
3117, 0.049193495504995376
3126, 0.049193495504995376
3143, 0.049193495504995376
3291, 0.049193495504995376
3361, 0.049193495504995376
3463, 0.049193495504995376
4110, 0.049193495504995376
4126, 0.049193495504995376
4529, 0.049193495504995376
4701, 0.049193495504995376
4768, 0.049193495504995376
8747, 0.049193495504995376
8789, 0.049193495504995376
8910, 0.049193495504995376
9259, 0.049193495504995376
12, 0.044721359549995794
182, 0.044721359549995794
432, 0.044721359549995794
517, 0.044721359549995794
555, 0.044721359549995794
574, 0.044721359549995794
603, 0.044721359549995794
700, 0.044721359549995794
717, 0.044721359549995794
719, 0.044721359549995794
884, 0.044721359549995794
885, 0.044721359549995794
915, 0.044721359549995794
962, 0.044721359549995794
1182, 0.044721359549995794
1310, 0.044721359549995794
1311, 0.044721359549995794
1336, 0.044721359549995794
1549, 0.044721359549995794
1551, 0.044721359549995794
1804, 0.044721359549995794
3079, 0.044721359549995794
3134, 0.044721359549995794
3145, 0.044721359549995794
3294, 0.044721359549995794
3344, 0.044721359549995794
3504, 0.044721359549995794
3651, 0.044721359549995794
3903, 0.044721359549995794
3927, 0.044721359549995794
4030, 0.044721359549995794
4084, 0.044721359549995794
4184, 0.044721359549995794
4349, 0.044721359549995794
4399, 0.044721359549995794
4434, 0.044721359549995794
4447, 0.044721359549995794
4944, 0.044721359549995794
8765, 0.044721359549995794
8772, 0.044721359549995794
8796, 0.044721359549995794
9047, 0.044721359549995794
9181, 0.044721359549995794
593, 0.044721359549995794
1233, 0.044721359549995794
1240, 0.044721359549995794
1409, 0.044721359549995794
1439, 0.044721359549995794
2337, 0.044721359549995794
1230, 0.044721359549995794
1295, 0.044721359549995794
1527, 0.044721359549995794
1536, 0.044721359549995794
1812, 0.044721359549995794
2096, 0.044721359549995794
2884, 0.044721359549995794
4335, 0.044721359549995794
4347, 0.044721359549995794
4589, 0.044721359549995794
4595, 0.044721359549995794
4995, 0.044721359549995794
5586, 0.044721359549995794
8752, 0.044721359549995794
8792, 0.044721359549995794
8917, 0.044721359549995794
343, 0.044721359549995794
580, 0.044721359549995794
1029, 0.044721359549995794
1394, 0.044721359549995794
1443, 0.044721359549995794
1484, 0.044721359549995794
1846, 0.044721359549995794
4211, 0.044721359549995794
4225, 0.044721359549995794
4311, 0.044721359549995794
4361, 0.044721359549995794
8756, 0.044721359549995794
8896, 0.044721359549995794
192, 0.044721359549995794
209, 0.044721359549995794
215, 0.044721359549995794
469, 0.044721359549995794
552, 0.044721359549995794
590, 0.044721359549995794
596, 0.044721359549995794
722, 0.044721359549995794
906, 0.044721359549995794
1218, 0.044721359549995794
1260, 0.044721359549995794
1265, 0.044721359549995794
1559, 0.044721359549995794
1684, 0.044721359549995794
1793, 0.044721359549995794
1813, 0.044721359549995794
2888, 0.044721359549995794
3148, 0.044721359549995794
3151, 0.044721359549995794
4455, 0.044721359549995794
4535, 0.044721359549995794
4760, 0.044721359549995794
8758, 0.044721359549995794
8936, 0.044721359549995794
9033, 0.044721359549995794
49, 0.04024922359499621
212, 0.04024922359499621
493, 0.04024922359499621
573, 0.04024922359499621
913, 0.04024922359499621
977, 0.04024922359499621
1036, 0.04024922359499621
1166, 0.04024922359499621
1179, 0.04024922359499621
1312, 0.04024922359499621
1383, 0.04024922359499621
1464, 0.04024922359499621
1535, 0.04024922359499621
1719, 0.04024922359499621
2200, 0.04024922359499621
2358, 0.04024922359499621
2882, 0.04024922359499621
3082, 0.04024922359499621
3428, 0.04024922359499621
3816, 0.04024922359499621
4054, 0.04024922359499621
4227, 0.04024922359499621
4228, 0.04024922359499621
4231, 0.04024922359499621
4441, 0.04024922359499621
4457, 0.04024922359499621
4483, 0.04024922359499621
4722, 0.04024922359499621
4726, 0.04024922359499621
4749, 0.04024922359499621
5020, 0.04024922359499621
8783, 0.04024922359499621
8838, 0.04024922359499621
8883, 0.04024922359499621
8963, 0.04024922359499621
1853, 0.04024922359499621
213, 0.04024922359499621
485, 0.04024922359499621
974, 0.04024922359499621
1163, 0.04024922359499621
1209, 0.04024922359499621
1251, 0.04024922359499621
3136, 0.04024922359499621
3893, 0.04024922359499621
4107, 0.04024922359499621
4280, 0.04024922359499621
4691, 0.04024922359499621
5801, 0.04024922359499621
6015, 0.04024922359499621
8920, 0.04024922359499621
9115, 0.04024922359499621
3, 0.04024922359499621
451, 0.04024922359499621
889, 0.04024922359499621
1035, 0.04024922359499621
1441, 0.04024922359499621
1482, 0.04024922359499621
1571, 0.04024922359499621
1594, 0.04024922359499621
1662, 0.04024922359499621
3491, 0.04024922359499621
3846, 0.04024922359499621
4248, 0.04024922359499621
4305, 0.04024922359499621
5029, 0.04024922359499621
196, 0.04024922359499621
604, 0.04024922359499621
644, 0.04024922359499621
648, 0.04024922359499621
919, 0.04024922359499621
1214, 0.04024922359499621
1340, 0.04024922359499621
1544, 0.04024922359499621
1789, 0.04024922359499621
1856, 0.04024922359499621
2263, 0.04024922359499621
3546, 0.04024922359499621
3814, 0.04024922359499621
4626, 0.04024922359499621
4741, 0.04024922359499621
4759, 0.04024922359499621
8746, 0.04024922359499621
8757, 0.04024922359499621
8874, 0.04024922359499621
8875, 0.04024922359499621
478, 0.03577708763999664
602, 0.03577708763999664
1191, 0.03577708763999664
1194, 0.03577708763999664
1661, 0.03577708763999664
3867, 0.03577708763999664
4187, 0.03577708763999664
4287, 0.03577708763999664
4387, 0.03577708763999664
4560, 0.03577708763999664
4569, 0.03577708763999664
4624, 0.03577708763999664
4752, 0.03577708763999664
591, 0.03577708763999664
1020, 0.03577708763999664
1556, 0.03577708763999664
9005, 0.03577708763999664
1033, 0.03577708763999664
1181, 0.03577708763999664
1406, 0.03577708763999664
1419, 0.03577708763999664
2887, 0.03577708763999664
4216, 0.03577708763999664
9014, 0.03577708763999664
535, 0.03577708763999664
572, 0.03577708763999664
598, 0.03577708763999664
600, 0.03577708763999664
605, 0.03577708763999664
639, 0.03577708763999664
1625, 0.03577708763999664
4724, 0.03577708763999664
545, 0.03130495168499706
1410, 0.03130495168499706
1364, 0.03130495168499706
4718, 0.03130495168499706
