186, 0.20207259421636903
1563, 0.19052558883257653
3792, 0.18475208614068028
4113, 0.17320508075688779
9056, 0.16743157806499148
3599, 0.16165807537309526
5890, 0.16165807537309526
8771, 0.15588457268119899
4353, 0.15588457268119899
586, 0.13856406460551018
337, 0.13279056191361396
3595, 0.13279056191361394
647, 0.1270170592217177
1016, 0.1270170592217177
4099, 0.1270170592217177
2365, 0.12124355652982143
1005, 0.11547005383792518
1266, 0.11547005383792518
1545, 0.11547005383792518
3132, 0.11547005383792518
3459, 0.11547005383792518
4082, 0.11547005383792518
4766, 0.11547005383792518
4950, 0.11547005383792516
2218, 0.10969655114602891
3133, 0.10969655114602891
3097, 0.10969655114602891
3348, 0.10969655114602891
8798, 0.10392304845413265
1546, 0.10392304845413265
2223, 0.10392304845413265
3138, 0.10392304845413265
4607, 0.10392304845413265
4751, 0.10392304845413265
620, 0.10392304845413265
8739, 0.10392304845413265
9156, 0.0981495457622364
1434, 0.0981495457622364
1435, 0.0981495457622364
1552, 0.0981495457622364
1186, 0.0981495457622364
1298, 0.0981495457622364
3520, 0.0981495457622364
8728, 0.0981495457622364
8997, 0.0981495457622364
9054, 0.0981495457622364
525, 0.09237604307034014
3889, 0.09237604307034014
4750, 0.09237604307034014
976, 0.09237604307034014
3294, 0.09237604307034014
5201, 0.09237604307034014
8777, 0.08660254037844388
8825, 0.08660254037844388
8897, 0.08660254037844388
9137, 0.08660254037844388
2335, 0.08660254037844388
2352, 0.08660254037844388
4597, 0.08660254037844388
4759, 0.08660254037844388
2334, 0.08660254037844388
3131, 0.08660254037844388
3570, 0.08660254037844388
4156, 0.08660254037844388
8826, 0.08660254037844388
9109, 0.08660254037844388
9036, 0.08082903768654763
439, 0.08082903768654763
1561, 0.08082903768654763
2220, 0.08082903768654763
3114, 0.08082903768654763
3117, 0.08082903768654763
3139, 0.08082903768654763
4570, 0.08082903768654763
4618, 0.08082903768654763
2, 0.08082903768654763
460, 0.08082903768654763
978, 0.08082903768654763
1185, 0.08082903768654763
3497, 0.08082903768654763
3565, 0.08082903768654763
4547, 0.08082903768654763
4589, 0.08082903768654763
4641, 0.08082903768654763
5274, 0.08082903768654763
8869, 0.08082903768654763
8973, 0.08082903768654763
9023, 0.08082903768654763
9112, 0.08082903768654763
543, 0.07505553499465137
584, 0.07505553499465137
1028, 0.07505553499465137
1312, 0.07505553499465137
1549, 0.07505553499465137
1555, 0.07505553499465137
1566, 0.07505553499465137
3145, 0.07505553499465137
512, 0.07505553499465137
514, 0.07505553499465137
2339, 0.07505553499465137
3290, 0.07505553499465137
4150, 0.07505553499465137
4193, 0.07505553499465137
4258, 0.07505553499465137
4390, 0.07505553499465137
4485, 0.07505553499465137
4666, 0.07505553499465137
4944, 0.07505553499465137
5337, 0.07505553499465137
5587, 0.07505553499465137
8768, 0.07505553499465137
8930, 0.07505553499465137
8940, 0.07505553499465137
8732, 0.06928203230275509
9111, 0.06928203230275509
479, 0.06928203230275509
1053, 0.06928203230275509
1553, 0.06928203230275509
2883, 0.06928203230275509
3121, 0.06928203230275509
3482, 0.06928203230275509
3652, 0.06928203230275509
4086, 0.06928203230275509
4606, 0.06928203230275509
1261, 0.06928203230275509
1285, 0.06928203230275509
2114, 0.06928203230275509
3087, 0.06928203230275509
3337, 0.06928203230275509
3917, 0.06928203230275509
4185, 0.06928203230275509
6018, 0.06928203230275509
9089, 0.06928203230275509
8832, 0.06350852961085884
527, 0.06350852961085884
1001, 0.06350852961085884
1547, 0.06350852961085884
1560, 0.06350852961085884
1718, 0.06350852961085884
3149, 0.06350852961085884
4280, 0.06350852961085884
4391, 0.06350852961085884
454, 0.06350852961085884
558, 0.06350852961085884
892, 0.06350852961085884
972, 0.06350852961085884
977, 0.06350852961085884
1216, 0.06350852961085884
1307, 0.06350852961085884
1836, 0.06350852961085884
3845, 0.06350852961085884
3858, 0.06350852961085884
4241, 0.06350852961085884
4307, 0.06350852961085884
4351, 0.06350852961085884
4734, 0.06350852961085884
5318, 0.06350852961085884
8780, 0.06350852961085884
8910, 0.06350852961085884
9002, 0.06350852961085884
9098, 0.06350852961085884
9057, 0.05773502691896259
7, 0.05773502691896259
476, 0.05773502691896259
1183, 0.05773502691896259
1344, 0.05773502691896259
1581, 0.05773502691896259
3259, 0.05773502691896259
3592, 0.05773502691896259
3903, 0.05773502691896259
207, 0.05773502691896259
472, 0.05773502691896259
517, 0.05773502691896259
595, 0.05773502691896259
640, 0.05773502691896259
891, 0.05773502691896259
981, 0.05773502691896259
1067, 0.05773502691896259
1240, 0.05773502691896259
1336, 0.05773502691896259
1462, 0.05773502691896259
4039, 0.05773502691896259
4211, 0.05773502691896259
4335, 0.05773502691896259
4406, 0.05773502691896259
5131, 0.05773502691896259
8862, 0.05773502691896259
9113, 0.05773502691896259
9126, 0.05773502691896259
9130, 0.05773502691896259
6015, 0.051961524227066326
8875, 0.051961524227066326
9123, 0.051961524227066326
1214, 0.051961524227066326
1338, 0.051961524227066326
2882, 0.051961524227066326
4685, 0.051961524227066326
180, 0.051961524227066326
451, 0.051961524227066326
611, 0.051961524227066326
898, 0.051961524227066326
1054, 0.051961524227066326
1251, 0.051961524227066326
1267, 0.051961524227066326
1335, 0.051961524227066326
1375, 0.051961524227066326
1445, 0.051961524227066326
1640, 0.051961524227066326
3111, 0.051961524227066326
4334, 0.051961524227066326
4504, 0.051961524227066326
4573, 0.051961524227066326
4635, 0.051961524227066326
5981, 0.051961524227066326
8757, 0.051961524227066326
8783, 0.051961524227066326
8883, 0.051961524227066326
8885, 0.051961524227066326
8944, 0.051961524227066326
9082, 0.051961524227066326
9115, 0.051961524227066326
1398, 0.04618802153517007
1556, 0.04618802153517007
4632, 0.04618802153517007
621, 0.04618802153517007
982, 0.04618802153517007
1419, 0.04618802153517007
1625, 0.04618802153517007
1716, 0.04618802153517007
1810, 0.04618802153517007
3188, 0.04618802153517007
3830, 0.04618802153517007
4192, 0.04618802153517007
4374, 0.04618802153517007
4710, 0.04618802153517007
8805, 0.04618802153517007
8816, 0.04618802153517007
9049, 0.04618802153517007
