9131, 0.30847325565943706
4266, 0.27515493739367247
4386, 0.24255398506687076
4384, 0.23408209440899003
3347, 0.22087326436124777
3336, 0.21096664182544111
4267, 0.21081852025223657
1273, 0.200194531777467
668, 0.19530947081440098
559, 0.19516134924119644
4302, 0.19272462924142836
4351, 0.19157451954638166
4270, 0.19085715360741873
8899, 0.16759357945066528
670, 0.16515685945089723
8798, 0.163858628182646
4381, 0.15567135970764445
669, 0.1546693715858023
8846, 0.14949968843985706
4306, 0.14648210311080073
541, 0.14202978590381848
681, 0.1407431755990971
5214, 0.13699660336754793
1238, 0.13542537087994735
1633, 0.13441176179457534
4198, 0.13441176179457534
3292, 0.13355789524593772
8941, 0.13182692022160275
529, 0.12924207864863013
4300, 0.12723810240494582
1234, 0.12665723707565754
1275, 0.1258033705270199
9115, 0.12508600458805696
673, 0.12321852895404731
6068, 0.11890271235673971
2221, 0.11890271235673971
4392, 0.11890271235673971
1103, 0.11631787078376712
2727, 0.11631787078376712
4261, 0.11631787078376712
4690, 0.11631787078376711
1612, 0.11114818763782192
161, 0.11114818763782192
4024, 0.11114818763782192
2877, 0.11029432108918429
4669, 0.10856334606484933
1431, 0.10856334606484931
4688, 0.1085633460648493
3659, 0.1085633460648493
1757, 0.10597850449187671
1762, 0.10597850449187671
9212, 0.10597850449187671
3796, 0.10597850449187671
6150, 0.10597850449187671
2849, 0.10597850449187671
3689, 0.10597850449187671
4512, 0.10339366291890412
544, 0.1033936629189041
5027, 0.10339366291890409
4431, 0.10080882134593151
4533, 0.1008088213459315
4, 0.1008088213459315
9032, 0.09852022291936799
3650, 0.09822397977295891
3510, 0.09822397977295891
3831, 0.09822397977295891
546, 0.09822397977295891
568, 0.09822397977295891
4705, 0.09822397977295891
537, 0.09822397977295891
875, 0.09822397977295891
9166, 0.09822397977295891
3714, 0.09822397977295891
1336, 0.0982239797729589
4385, 0.09808747916328422
578, 0.09808747916328422
3853, 0.0956391381999863
195, 0.0956391381999863
1008, 0.0956391381999863
1171, 0.0956391381999863
2225, 0.09563913819998629
202, 0.09563913819998629
549, 0.09563913819998629
2837, 0.09563913819998629
2350, 0.0930542966270137
2273, 0.0930542966270137
2875, 0.0930542966270137
876, 0.0930542966270137
995, 0.0930542966270137
1335, 0.09305429662701369
4397, 0.09305429662701369
209, 0.09263317383445982
8919, 0.0904694550540411
3866, 0.0904694550540411
9006, 0.0904694550540411
9203, 0.0904694550540411
3576, 0.0904694550540411
4687, 0.0904694550540411
186, 0.09046945505404108
4166, 0.09046945505404108
1824, 0.09046945505404108
3680, 0.09046945505404108
4249, 0.09046945505404108
3879, 0.08788461348106849
4737, 0.08788461348106849
993, 0.08788461348106849
200, 0.08788461348106849
461, 0.08788461348106849
547, 0.08788461348106849
618, 0.08529977190809589
5123, 0.08529977190809589
8888, 0.08529977190809589
1204, 0.08529977190809589
527, 0.08529977190809589
690, 0.08529977190809589
3142, 0.08529977190809589
3255, 0.08529977190809589
3470, 0.08529977190809589
9037, 0.08529977190809589
9328, 0.08529977190809589
3807, 0.08529977190809589
3768, 0.08529977190809589
2263, 0.08529977190809587
2274, 0.08444590535945826
164, 0.08271493033512328
3821, 0.08271493033512328
4387, 0.08271493033512328
3117, 0.08271493033512328
3792, 0.08271493033512328
5677, 0.08271493033512328
4074, 0.08271493033512328
608, 0.08271493033512328
3716, 0.08271493033512328
3717, 0.08271493033512328
4951, 0.08271493033512328
2227, 0.08271493033512328
3321, 0.08271493033512328
1821, 0.08271493033512328
9186, 0.08013008876215069
3108, 0.08013008876215069
615, 0.08013008876215069
4523, 0.08013008876215069
3735, 0.08013008876215068
1556, 0.08013008876215068
3125, 0.08013008876215068
8900, 0.07754524718917809
8851, 0.07754524718917809
1233, 0.07754524718917809
562, 0.07754524718917809
894, 0.07754524718917809
3656, 0.07754524718917809
9126, 0.07754524718917809
526, 0.07754524718917809
1296, 0.07754524718917809
1751, 0.07754524718917807
3907, 0.07754524718917807
1304, 0.07754524718917807
4155, 0.07754524718917807
1641, 0.07754524718917807
3540, 0.07754524718917807
4282, 0.07754524718917807
1654, 0.07754524718917807
3867, 0.07754524718917807
3892, 0.07754524718917807
476, 0.07754524718917807
479, 0.07754524718917807
1320, 0.07754524718917807
3197, 0.07754524718917807
4268, 0.07754524718917807
8929, 0.07754524718917807
1807, 0.07754524718917807
1822, 0.07754524718917807
8893, 0.0774087465795034
9158, 0.07496040561620547
3252, 0.07496040561620547
4727, 0.07496040561620547
2856, 0.07496040561620547
2845, 0.07496040561620547
460, 0.07237556404323288
3759, 0.07237556404323288
4702, 0.07237556404323288
1436, 0.07237556404323288
1560, 0.07237556404323288
467, 0.07237556404323288
897, 0.07237556404323288
1283, 0.07237556404323288
3778, 0.07237556404323288
6110, 0.07237556404323288
217, 0.07237556404323287
337, 0.07237556404323287
1564, 0.07237556404323287
5749, 0.07237556404323287
640, 0.07237556404323287
998, 0.07237556404323287
3124, 0.07237556404323287
8799, 0.07237556404323287
1250, 0.07237556404323287
4383, 0.07237556404323287
8823, 0.07180631967747446
4633, 0.06979072247026027
9000, 0.06979072247026027
4279, 0.06979072247026027
1312, 0.06979072247026027
1325, 0.06979072247026027
4101, 0.06979072247026027
4220, 0.06979072247026027
4731, 0.06979072247026027
1406, 0.06979072247026027
2340, 0.06979072247026027
3445, 0.06979072247026027
888, 0.06979072247026027
1019, 0.06979072247026027
1298, 0.06979072247026027
1379, 0.06979072247026027
1449, 0.06979072247026027
1539, 0.06979072247026027
2844, 0.06979072247026027
3113, 0.06979072247026027
3643, 0.06979072247026027
4194, 0.06979072247026027
4276, 0.06979072247026027
4432, 0.06979072247026027
4591, 0.06979072247026027
8826, 0.06979072247026027
6099, 0.06979072247026027
519, 0.06979072247026027
2878, 0.06979072247026027
25, 0.06979072247026027
4018, 0.06979072247026026
4474, 0.06979072247026026
604, 0.06979072247026026
9024, 0.06979072247026026
9030, 0.06979072247026026
9123, 0.06979072247026026
4717, 0.06979072247026026
4746, 0.06979072247026026
8937, 0.06979072247026026
1293, 0.06979072247026026
2891, 0.06720588089728767
4475, 0.06720588089728767
8895, 0.06720588089728767
6043, 0.06720588089728767
4106, 0.06720588089728767
26, 0.06720588089728767
346, 0.06720588089728767
2228, 0.06720588089728767
4060, 0.06720588089728767
4085, 0.06720588089728767
4184, 0.06720588089728767
8995, 0.06720588089728767
9260, 0.06720588089728767
2256, 0.06720588089728767
2271, 0.06720588089728767
3385, 0.06720588089728767
475, 0.06720588089728767
1688, 0.06720588089728767
3147, 0.06720588089728767
3379, 0.06720588089728767
3560, 0.06720588089728767
4900, 0.06720588089728767
8750, 0.06720588089728767
9095, 0.06720588089728767
9159, 0.06720588089728767
552, 0.06720588089728767
2689, 0.06720588089728767
3305, 0.06720588089728767
4369, 0.06720588089728767
4555, 0.06720588089728767
8925, 0.06720588089728767
9078, 0.06720588089728767
2835, 0.06720588089728767
9002, 0.06462103932431507
22, 0.06462103932431507
4171, 0.06462103932431507
185, 0.06462103932431507
528, 0.06462103932431507
996, 0.06462103932431507
1099, 0.06462103932431507
3494, 0.06462103932431507
4706, 0.06462103932431507
8958, 0.06462103932431507
8999, 0.06462103932431507
3382, 0.06462103932431507
3606, 0.06462103932431507
342, 0.06462103932431507
1014, 0.06462103932431507
2202, 0.06462103932431507
4178, 0.06462103932431507
4581, 0.06462103932431507
4614, 0.06462103932431507
4667, 0.06462103932431507
9038, 0.06462103932431507
9137, 0.06462103932431507
523, 0.06462103932431507
4584, 0.06462103932431507
1529, 0.06203619775134247
8886, 0.06203619775134247
4713, 0.06203619775134246
4067, 0.06203619775134246
16, 0.06203619775134246
631, 0.06203619775134246
1658, 0.06203619775134246
1669, 0.06203619775134246
2214, 0.06203619775134246
3144, 0.06203619775134246
6018, 0.06203619775134246
8753, 0.06203619775134246
9045, 0.06203619775134246
9059, 0.06203619775134246
9118, 0.06203619775134246
577, 0.06203619775134246
1031, 0.06203619775134246
2334, 0.06203619775134246
3111, 0.06203619775134246
3819, 0.06203619775134246
4021, 0.06203619775134246
4336, 0.06203619775134246
3515, 0.06203619775134246
1282, 0.06203619775134246
1342, 0.06203619775134246
3068, 0.06203619775134246
3191, 0.06203619775134246
165, 0.059451356178369864
4623, 0.059451356178369864
9180, 0.059451356178369864
4056, 0.059451356178369864
4568, 0.059451356178369864
4578, 0.059451356178369864
597, 0.059451356178369864
960, 0.059451356178369864
1854, 0.059451356178369864
4308, 0.059451356178369864
8756, 0.059451356178369864
9257, 0.059451356178369864
478, 0.059451356178369864
1439, 0.059451356178369864
1550, 0.059451356178369864
3145, 0.059451356178369864
567, 0.059451356178369864
191, 0.059451356178369864
1205, 0.059451356178369864
1237, 0.059451356178369864
8917, 0.059451356178369864
3499, 0.059451356178369864
8914, 0.059451356178369864
169, 0.05945135617836986
3820, 0.05945135617836986
2279, 0.05945135617836986
4724, 0.05945135617836986
167, 0.05686651460539726
4418, 0.05686651460539726
8760, 0.05686651460539726
8857, 0.05686651460539726
506, 0.05686651460539726
5995, 0.05686651460539726
487, 0.05686651460539726
557, 0.05686651460539726
975, 0.05686651460539726
984, 0.05686651460539726
1521, 0.05686651460539726
1610, 0.05686651460539726
2281, 0.05686651460539726
3429, 0.05686651460539726
3865, 0.05686651460539726
4064, 0.05686651460539726
4707, 0.05686651460539726
1002, 0.05686651460539726
1020, 0.05686651460539726
444, 0.05686651460539726
607, 0.05686651460539726
990, 0.05686651460539726
1012, 0.05686651460539726
1380, 0.05686651460539726
1534, 0.05686651460539726
2893, 0.05686651460539726
3126, 0.05686651460539726
3456, 0.05686651460539726
3657, 0.05686651460539726
4158, 0.05686651460539726
4371, 0.05686651460539726
4610, 0.05686651460539726
8820, 0.05686651460539726
3112, 0.05686651460539726
3333, 0.05686651460539726
3384, 0.05686651460539726
4263, 0.05686651460539726
4510, 0.05686651460539726
9057, 0.05686651460539726
458, 0.05686651460539726
542, 0.05686651460539726
548, 0.05686651460539726
1215, 0.05686651460539726
1255, 0.05686651460539726
1655, 0.05686651460539726
2223, 0.05686651460539726
4529, 0.05686651460539726
8765, 0.05686651460539726
9365, 0.05686651460539726
4562, 0.05686651460539725
4741, 0.05686651460539725
639, 0.05629727023963884
4622, 0.05428167303242466
4950, 0.05428167303242466
5122, 0.054281673032424656
1172, 0.054281673032424656
3253, 0.054281673032424656
3913, 0.054281673032424656
535, 0.054281673032424656
1433, 0.054281673032424656
1741, 0.054281673032424656
2254, 0.054281673032424656
4317, 0.054281673032424656
4507, 0.054281673032424656
588, 0.054281673032424656
1253, 0.054281673032424656
2871, 0.054281673032424656
3247, 0.054281673032424656
9297, 0.054281673032424656
5019, 0.05428167303242465
8, 0.05428167303242465
1442, 0.05428167303242465
4396, 0.05428167303242465
4612, 0.05428167303242465
4691, 0.05428167303242465
4726, 0.05428167303242465
493, 0.05428167303242465
3851, 0.05428167303242465
3871, 0.05428167303242465
4483, 0.05428167303242465
4749, 0.05428167303242465
9142, 0.05428167303242465
9369, 0.05428167303242465
3878, 0.05169683145945206
4530, 0.05169683145945206
5011, 0.05169683145945206
1429, 0.05169683145945206
4349, 0.05169683145945206
1213, 0.05169683145945206
1240, 0.05169683145945206
1523, 0.05169683145945206
2103, 0.05169683145945206
3476, 0.05169683145945206
3498, 0.05169683145945206
3859, 0.05169683145945206
4465, 0.05169683145945206
4476, 0.05169683145945206
4479, 0.05169683145945206
4944, 0.05169683145945206
4994, 0.05169683145945206
5126, 0.05169683145945206
6025, 0.05169683145945206
466, 0.05169683145945206
1141, 0.05169683145945206
1805, 0.05169683145945206
1861, 0.05169683145945206
3101, 0.05169683145945206
4704, 0.05169683145945206
4711, 0.05169683145945206
27, 0.05169683145945206
625, 0.05169683145945206
632, 0.05169683145945206
701, 0.05169683145945206
874, 0.05169683145945206
1191, 0.05169683145945206
1372, 0.05169683145945206
1415, 0.05169683145945206
1426, 0.05169683145945206
1508, 0.05169683145945206
1552, 0.05169683145945206
1566, 0.05169683145945206
3376, 0.05169683145945206
3377, 0.05169683145945206
3378, 0.05169683145945206
3538, 0.05169683145945206
3855, 0.05169683145945206
4277, 0.05169683145945206
4910, 0.05169683145945206
8896, 0.05169683145945206
8931, 0.05169683145945206
869, 0.05169683145945206
1289, 0.05169683145945206
3489, 0.05169683145945206
3818, 0.05169683145945206
9007, 0.05169683145945206
1252, 0.05169683145945206
1258, 0.05169683145945206
1299, 0.05169683145945206
2265, 0.05169683145945206
3299, 0.05169683145945206
8762, 0.05169683145945206
3919, 0.05169683145945206
8770, 0.05169683145945206
1303, 0.05169683145945205
1499, 0.05169683145945205
4034, 0.05169683145945205
1059, 0.05169683145945205
8994, 0.05169683145945205
1194, 0.05169683145945205
4695, 0.05169683145945205
907, 0.05169683145945205
4422, 0.049111989886479454
584, 0.049111989886479454
1066, 0.049111989886479454
1476, 0.049111989886479454
3268, 0.049111989886479454
3435, 0.049111989886479454
3815, 0.049111989886479454
4394, 0.049111989886479454
4442, 0.049111989886479454
4680, 0.049111989886479454
4692, 0.049111989886479454
6076, 0.049111989886479454
10, 0.049111989886479454
4517, 0.049111989886479454
428, 0.049111989886479454
540, 0.049111989886479454
1408, 0.049111989886479454
1461, 0.049111989886479454
2210, 0.049111989886479454
2335, 0.049111989886479454
4595, 0.049111989886479454
4767, 0.049111989886479454
9171, 0.049111989886479454
9211, 0.049111989886479454
1538, 0.049111989886479454
1810, 0.049111989886479454
538, 0.049111989886479454
1200, 0.049111989886479454
1227, 0.049111989886479454
1277, 0.049111989886479454
1297, 0.049111989886479454
3474, 0.049111989886479454
4693, 0.049111989886479454
8873, 0.049111989886479454
564, 0.049111989886479454
3511, 0.049111989886479454
6054, 0.049111989886479454
6072, 0.049111989886479454
8855, 0.049111989886479454
8989, 0.049111989886479454
616, 0.04652714831350685
4719, 0.04652714831350685
1661, 0.04652714831350685
589, 0.04652714831350685
1398, 0.04652714831350685
4035, 0.04652714831350685
213, 0.04652714831350684
2868, 0.04652714831350684
2872, 0.04652714831350684
9064, 0.04652714831350684
1062, 0.04652714831350684
4222, 0.04652714831350684
9108, 0.04652714831350684
29, 0.04652714831350684
4607, 0.04652714831350684
8883, 0.04652714831350684
9052, 0.04652714831350684
628, 0.04652714831350684
704, 0.04652714831350684
1340, 0.04652714831350684
1594, 0.04652714831350684
3103, 0.04652714831350684
3280, 0.04652714831350684
4062, 0.04652714831350684
4342, 0.04652714831350684
4504, 0.04652714831350684
4712, 0.04652714831350684
8803, 0.04652714831350684
8825, 0.04652714831350684
8874, 0.04652714831350684
9174, 0.04652714831350684
569, 0.04652714831350684
4061, 0.04652714831350684
4499, 0.04652714831350684
4548, 0.04652714831350684
5253, 0.04652714831350684
9253, 0.04652714831350684
445, 0.04652714831350684
477, 0.04652714831350684
521, 0.04652714831350684
571, 0.04652714831350684
728, 0.04652714831350684
959, 0.04652714831350684
1034, 0.04652714831350684
1175, 0.04652714831350684
1354, 0.04652714831350684
1478, 0.04652714831350684
1518, 0.04652714831350684
1577, 0.04652714831350684
1662, 0.04652714831350684
1728, 0.04652714831350684
1856, 0.04652714831350684
2220, 0.04652714831350684
2353, 0.04652714831350684
3123, 0.04652714831350684
3375, 0.04652714831350684
3642, 0.04652714831350684
4151, 0.04652714831350684
4218, 0.04652714831350684
4236, 0.04652714831350684
4353, 0.04652714831350684
4372, 0.04652714831350684
4389, 0.04652714831350684
4398, 0.04652714831350684
4416, 0.04652714831350684
4494, 0.04652714831350684
4520, 0.04652714831350684
4557, 0.04652714831350684
8748, 0.04652714831350684
8802, 0.04652714831350684
1251, 0.04652714831350684
2882, 0.04652714831350684
3590, 0.04652714831350684
4041, 0.04652714831350684
205, 0.04652714831350684
218, 0.04652714831350684
561, 0.04652714831350684
1226, 0.04652714831350684
1263, 0.04652714831350684
1813, 0.04652714831350684
4260, 0.04652714831350684
8771, 0.04652714831350684
8862, 0.04652714831350684
1809, 0.04652714831350684
8838, 0.04652714831350684
1070, 0.04652714831350684
4425, 0.04652714831350684
555, 0.04452317206982253
2888, 0.04452317206982253
3615, 0.043942306740534245
422, 0.043942306740534245
1022, 0.043942306740534245
1100, 0.043942306740534245
2209, 0.043942306740534245
3000, 0.043942306740534245
3193, 0.043942306740534245
3203, 0.043942306740534245
4505, 0.043942306740534245
5397, 0.043942306740534245
1558, 0.043942306740534245
4081, 0.043942306740534245
480, 0.043942306740534245
977, 0.043942306740534245
1512, 0.043942306740534245
1547, 0.043942306740534245
1763, 0.043942306740534245
3105, 0.043942306740534245
3116, 0.043942306740534245
3436, 0.043942306740534245
3564, 0.043942306740534245
3834, 0.043942306740534245
3875, 0.043942306740534245
4603, 0.043942306740534245
9124, 0.043942306740534245
208, 0.043942306740534245
696, 0.043942306740534245
2990, 0.043942306740534245
3332, 0.043942306740534245
4553, 0.043942306740534245
534, 0.043942306740534245
1219, 0.043942306740534245
1229, 0.043942306740534245
1338, 0.043942306740534245
1514, 0.043942306740534245
3127, 0.043942306740534245
4694, 0.043942306740534245
8861, 0.043942306740534245
2211, 0.043942306740534245
163, 0.043942306740534245
2324, 0.043942306740534245
4321, 0.043942306740534245
8728, 0.043942306740534245
9168, 0.043942306740534245
4428, 0.04135746516756164
5014, 0.04135746516756164
5022, 0.04135746516756164
8840, 0.04135746516756164
8856, 0.04135746516756164
8946, 0.04135746516756164
4787, 0.04135746516756164
4514, 0.04135746516756164
9014, 0.04135746516756164
946, 0.04135746516756164
1042, 0.04135746516756164
1083, 0.04135746516756164
1169, 0.04135746516756164
1619, 0.04135746516756164
3065, 0.04135746516756164
4681, 0.04135746516756164
4723, 0.04135746516756164
5789, 0.04135746516756164
8779, 0.04135746516756164
1104, 0.04135746516756164
4096, 0.04135746516756164
617, 0.04135746516756164
1006, 0.04135746516756164
1625, 0.04135746516756164
3121, 0.04135746516756164
3335, 0.04135746516756164
8982, 0.04135746516756164
1358, 0.04135746516756164
3447, 0.04135746516756164
8817, 0.04135746516756164
8992, 0.04135746516756164
210, 0.04135746516756164
539, 0.04135746516756164
3250, 0.04135746516756164
3361, 0.04135746516756164
4399, 0.04135746516756164
4585, 0.04135746516756164
4586, 0.04135746516756164
9081, 0.04135746516756164
435, 0.04135746516756164
880, 0.04135746516756164
1079, 0.04135746516756164
1754, 0.04135746516756164
3277, 0.04135746516756164
3537, 0.04135746516756164
3543, 0.04135746516756164
4108, 0.04135746516756164
4123, 0.04135746516756164
4421, 0.04135746516756164
4762, 0.04135746516756164
8807, 0.04135746516756164
8839, 0.04135746516756164
8889, 0.04135746516756164
9368, 0.04135746516756164
1607, 0.03877262359458904
2119, 0.03877262359458904
3829, 0.03877262359458904
48, 0.03877262359458904
441, 0.03877262359458904
1360, 0.03877262359458904
1382, 0.03877262359458904
1616, 0.03877262359458904
2105, 0.03877262359458904
4597, 0.03877262359458904
34, 0.03877262359458904
3551, 0.03877262359458904
4593, 0.03877262359458904
421, 0.03877262359458904
563, 0.03877262359458904
870, 0.03877262359458904
994, 0.03877262359458904
1017, 0.03877262359458904
1069, 0.03877262359458904
1082, 0.03877262359458904
1133, 0.03877262359458904
1362, 0.03877262359458904
1583, 0.03877262359458904
1663, 0.03877262359458904
2199, 0.03877262359458904
2352, 0.03877262359458904
3132, 0.03877262359458904
3148, 0.03877262359458904
3459, 0.03877262359458904
3648, 0.03877262359458904
4190, 0.03877262359458904
8845, 0.03877262359458904
9147, 0.03877262359458904
9191, 0.03877262359458904
693, 0.03877262359458904
715, 0.03877262359458904
1587, 0.03877262359458904
2956, 0.03877262359458904
4196, 0.03877262359458904
8824, 0.03877262359458904
551, 0.03877262359458904
1212, 0.03877262359458904
4549, 0.03877262359458904
4696, 0.03877262359458904
8885, 0.03877262359458904
9132, 0.03877262359458904
9179, 0.03877262359458904
4733, 0.03877262359458904
170, 0.03877262359458904
1145, 0.03877262359458904
1343, 0.03877262359458904
1727, 0.03877262359458904
2896, 0.03877262359458904
2966, 0.03877262359458904
4233, 0.03877262359458904
4339, 0.03877262359458904
8974, 0.03877262359458904
9017, 0.03877262359458904
9285, 0.03877262359458904
171, 0.03618778202161644
5129, 0.03618778202161644
5315, 0.03618778202161644
4226, 0.03618778202161644
4070, 0.03618778202161644
424, 0.03618778202161644
603, 0.03618778202161644
953, 0.03618778202161644
2212, 0.03618778202161644
3088, 0.03618778202161644
4152, 0.03618778202161644
4678, 0.03618778202161644
4901, 0.03618778202161644
657, 0.03618778202161644
902, 0.03618778202161644
1838, 0.03618778202161644
2359, 0.03618778202161644
3106, 0.03618778202161644
4115, 0.03618778202161644
4718, 0.03618778202161644
4722, 0.03618778202161644
5719, 0.03618778202161644
5996, 0.03618778202161644
181, 0.03618778202161644
454, 0.03618778202161644
470, 0.03618778202161644
482, 0.03618778202161644
613, 0.03618778202161644
898, 0.03618778202161644
1064, 0.03618778202161644
1138, 0.03618778202161644
1168, 0.03618778202161644
1199, 0.03618778202161644
1359, 0.03618778202161644
1490, 0.03618778202161644
1543, 0.03618778202161644
1565, 0.03618778202161644
1579, 0.03618778202161644
1632, 0.03618778202161644
1772, 0.03618778202161644
1773, 0.03618778202161644
1852, 0.03618778202161644
2104, 0.03618778202161644
2197, 0.03618778202161644
2337, 0.03618778202161644
2338, 0.03618778202161644
2360, 0.03618778202161644
3139, 0.03618778202161644
3460, 0.03618778202161644
3467, 0.03618778202161644
3579, 0.03618778202161644
4473, 0.03618778202161644
4569, 0.03618778202161644
4760, 0.03618778202161644
4768, 0.03618778202161644
6012, 0.03618778202161644
6052, 0.03618778202161644
8789, 0.03618778202161644
8852, 0.03618778202161644
8965, 0.03618778202161644
716, 0.03618778202161644
1357, 0.03618778202161644
3516, 0.03618778202161644
522, 0.03618778202161644
922, 0.03618778202161644
1264, 0.03618778202161644
1266, 0.03618778202161644
1684, 0.03618778202161644
3324, 0.03618778202161644
3884, 0.03618778202161644
4388, 0.03618778202161644
9053, 0.03618778202161644
2870, 0.03618778202161644
2905, 0.03618778202161644
2993, 0.03618778202161644
3086, 0.03618778202161644
8877, 0.03618778202161644
439, 0.03618778202161644
868, 0.03618778202161644
1088, 0.03618778202161644
1185, 0.03618778202161644
1581, 0.03618778202161644
1765, 0.03618778202161644
1815, 0.03618778202161644
1847, 0.03618778202161644
2116, 0.03618778202161644
2252, 0.03618778202161644
2266, 0.03618778202161644
2361, 0.03618778202161644
2881, 0.03618778202161644
2907, 0.03618778202161644
3259, 0.03618778202161644
3902, 0.03618778202161644
3926, 0.03618778202161644
4053, 0.03618778202161644
4177, 0.03618778202161644
4237, 0.03618778202161644
4519, 0.03618778202161644
4626, 0.03618778202161644
4676, 0.03618778202161644
6056, 0.03618778202161644
8735, 0.03618778202161644
8841, 0.03618778202161644
8957, 0.03618778202161644
9023, 0.03618778202161644
9043, 0.03618778202161644
9077, 0.03618778202161644
9357, 0.03618778202161644
1319, 0.03618778202161643
9005, 0.03561853765585802
1127, 0.033602940448643835
5852, 0.033602940448643835
5990, 0.033602940448643835
5998, 0.033602940448643835
9001, 0.033602940448643835
4295, 0.033602940448643835
497, 0.033602940448643835
580, 0.033602940448643835
581, 0.033602940448643835
882, 0.033602940448643835
1324, 0.033602940448643835
1493, 0.033602940448643835
1668, 0.033602940448643835
1716, 0.033602940448643835
2120, 0.033602940448643835
3443, 0.033602940448643835
3533, 0.033602940448643835
4022, 0.033602940448643835
4122, 0.033602940448643835
5319, 0.033602940448643835
6182, 0.033602940448643835
8983, 0.033602940448643835
9258, 0.033602940448643835
1087, 0.033602940448643835
1181, 0.033602940448643835
2229, 0.033602940448643835
3552, 0.033602940448643835
4068, 0.033602940448643835
4095, 0.033602940448643835
4102, 0.033602940448643835
4594, 0.033602940448643835
340, 0.033602940448643835
442, 0.033602940448643835
503, 0.033602940448643835
636, 0.033602940448643835
697, 0.033602940448643835
1041, 0.033602940448643835
1339, 0.033602940448643835
1452, 0.033602940448643835
1545, 0.033602940448643835
1549, 0.033602940448643835
1551, 0.033602940448643835
2095, 0.033602940448643835
3500, 0.033602940448643835
3588, 0.033602940448643835
4772, 0.033602940448643835
8864, 0.033602940448643835
9074, 0.033602940448643835
183, 0.033602940448643835
1105, 0.033602940448643835
2857, 0.033602940448643835
3120, 0.033602940448643835
3289, 0.033602940448643835
3341, 0.033602940448643835
4121, 0.033602940448643835
4617, 0.033602940448643835
4627, 0.033602940448643835
4641, 0.033602940448643835
8792, 0.033602940448643835
8811, 0.033602940448643835
8898, 0.033602940448643835
8938, 0.033602940448643835
2216, 0.033602940448643835
8887, 0.033602940448643835
9102, 0.033602940448643835
9151, 0.033602940448643835
2351, 0.033602940448643835
2991, 0.033602940448643835
3261, 0.033602940448643835
6078, 0.033602940448643835
9205, 0.033602940448643835
472, 0.033602940448643835
543, 0.033602940448643835
565, 0.033602940448643835
594, 0.033602940448643835
700, 0.033602940448643835
945, 0.033602940448643835
1004, 0.033602940448643835
1365, 0.033602940448643835
1376, 0.033602940448643835
1507, 0.033602940448643835
1580, 0.033602940448643835
1806, 0.033602940448643835
2101, 0.033602940448643835
2959, 0.033602940448643835
3369, 0.033602940448643835
3503, 0.033602940448643835
3542, 0.033602940448643835
3918, 0.033602940448643835
4318, 0.033602940448643835
4350, 0.033602940448643835
4502, 0.033602940448643835
4542, 0.033602940448643835
4679, 0.033602940448643835
4748, 0.033602940448643835
4909, 0.033602940448643835
5017, 0.033602940448643835
5957, 0.033602940448643835
6005, 0.033602940448643835
6020, 0.033602940448643835
6065, 0.033602940448643835
8749, 0.033602940448643835
8878, 0.033602940448643835
9016, 0.033602940448643835
9085, 0.033602940448643835
9292, 0.033602940448643835
9342, 0.033602940448643835
1750, 0.03101809887567123
2290, 0.03101809887567123
2977, 0.03101809887567123
4673, 0.03101809887567123
5547, 0.03101809887567123
1835, 0.03101809887567123
8988, 0.03101809887567123
718, 0.03101809887567123
9269, 0.03101809887567123
431, 0.03101809887567123
533, 0.03101809887567123
553, 0.03101809887567123
1063, 0.03101809887567123
1239, 0.03101809887567123
1554, 0.03101809887567123
1574, 0.03101809887567123
1605, 0.03101809887567123
1623, 0.03101809887567123
2270, 0.03101809887567123
4118, 0.03101809887567123
4527, 0.03101809887567123
4556, 0.03101809887567123
5140, 0.03101809887567123
6164, 0.03101809887567123
9156, 0.03101809887567123
9210, 0.03101809887567123
9363, 0.03101809887567123
685, 0.03101809887567123
911, 0.03101809887567123
2231, 0.03101809887567123
436, 0.03101809887567123
499, 0.03101809887567123
593, 0.03101809887567123
652, 0.03101809887567123
1170, 0.03101809887567123
1186, 0.03101809887567123
1188, 0.03101809887567123
1366, 0.03101809887567123
1432, 0.03101809887567123
1487, 0.03101809887567123
1533, 0.03101809887567123
1546, 0.03101809887567123
1627, 0.03101809887567123
1636, 0.03101809887567123
1642, 0.03101809887567123
1746, 0.03101809887567123
1767, 0.03101809887567123
2206, 0.03101809887567123
2339, 0.03101809887567123
2970, 0.03101809887567123
3130, 0.03101809887567123
3482, 0.03101809887567123
3529, 0.03101809887567123
3569, 0.03101809887567123
3814, 0.03101809887567123
3830, 0.03101809887567123
4063, 0.03101809887567123
4352, 0.03101809887567123
4899, 0.03101809887567123
6042, 0.03101809887567123
9008, 0.03101809887567123
9207, 0.03101809887567123
216, 0.03101809887567123
677, 0.03101809887567123
698, 0.03101809887567123
699, 0.03101809887567123
1005, 0.03101809887567123
1246, 0.03101809887567123
1585, 0.03101809887567123
1640, 0.03101809887567123
3318, 0.03101809887567123
3444, 0.03101809887567123
4073, 0.03101809887567123
4292, 0.03101809887567123
4375, 0.03101809887567123
4577, 0.03101809887567123
4728, 0.03101809887567123
8775, 0.03101809887567123
8868, 0.03101809887567123
9101, 0.03101809887567123
459, 0.03101809887567123
1208, 0.03101809887567123
1232, 0.03101809887567123
1242, 0.03101809887567123
1269, 0.03101809887567123
1287, 0.03101809887567123
3245, 0.03101809887567123
3315, 0.03101809887567123
3860, 0.03101809887567123
4331, 0.03101809887567123
8736, 0.03101809887567123
1211, 0.03101809887567123
3848, 0.03101809887567123
4086, 0.03101809887567123
4518, 0.03101809887567123
4590, 0.03101809887567123
9111, 0.03101809887567123
505, 0.03101809887567123
601, 0.03101809887567123
656, 0.03101809887567123
703, 0.03101809887567123
1053, 0.03101809887567123
1072, 0.03101809887567123
1144, 0.03101809887567123
1161, 0.03101809887567123
1177, 0.03101809887567123
1313, 0.03101809887567123
1334, 0.03101809887567123
1468, 0.03101809887567123
1527, 0.03101809887567123
1553, 0.03101809887567123
1571, 0.03101809887567123
1634, 0.03101809887567123
1766, 0.03101809887567123
1803, 0.03101809887567123
2961, 0.03101809887567123
3080, 0.03101809887567123
3118, 0.03101809887567123
3136, 0.03101809887567123
3152, 0.03101809887567123
3322, 0.03101809887567123
3351, 0.03101809887567123
3433, 0.03101809887567123
3598, 0.03101809887567123
3649, 0.03101809887567123
4014, 0.03101809887567123
4049, 0.03101809887567123
4103, 0.03101809887567123
4111, 0.03101809887567123
4185, 0.03101809887567123
4426, 0.03101809887567123
4457, 0.03101809887567123
4634, 0.03101809887567123
4699, 0.03101809887567123
4942, 0.03101809887567123
5773, 0.03101809887567123
5958, 0.03101809887567123
6079, 0.03101809887567123
9080, 0.03101809887567123
9087, 0.03101809887567123
9136, 0.03101809887567123
9161, 0.03101809887567123
9293, 0.03101809887567123
166, 0.02843325730269863
611, 0.02843325730269863
3626, 0.02843325730269863
6096, 0.02843325730269863
8793, 0.02843325730269863
8921, 0.02843325730269863
9042, 0.02843325730269863
1430, 0.02843325730269863
3920, 0.02843325730269863
9035, 0.02843325730269863
4051, 0.02843325730269863
3589, 0.02843325730269863
6, 0.02843325730269863
495, 0.02843325730269863
620, 0.02843325730269863
644, 0.02843325730269863
950, 0.02843325730269863
954, 0.02843325730269863
972, 0.02843325730269863
973, 0.02843325730269863
1402, 0.02843325730269863
1438, 0.02843325730269863
1506, 0.02843325730269863
1718, 0.02843325730269863
1745, 0.02843325730269863
1802, 0.02843325730269863
2272, 0.02843325730269863
2275, 0.02843325730269863
3078, 0.02843325730269863
3143, 0.02843325730269863
3485, 0.02843325730269863
3565, 0.02843325730269863
3826, 0.02843325730269863
4547, 0.02843325730269863
4554, 0.02843325730269863
5013, 0.02843325730269863
5744, 0.02843325730269863
8737, 0.02843325730269863
8859, 0.02843325730269863
8971, 0.02843325730269863
9255, 0.02843325730269863
3343, 0.02843325730269863
3603, 0.02843325730269863
3891, 0.02843325730269863
4044, 0.02843325730269863
4730, 0.02843325730269863
4734, 0.02843325730269863
496, 0.02843325730269863
536, 0.02843325730269863
893, 0.02843325730269863
1090, 0.02843325730269863
1137, 0.02843325730269863
1190, 0.02843325730269863
1274, 0.02843325730269863
1291, 0.02843325730269863
1363, 0.02843325730269863
1378, 0.02843325730269863
1418, 0.02843325730269863
1492, 0.02843325730269863
1511, 0.02843325730269863
1542, 0.02843325730269863
1664, 0.02843325730269863
1855, 0.02843325730269863
2278, 0.02843325730269863
2355, 0.02843325730269863
2363, 0.02843325730269863
3104, 0.02843325730269863
3131, 0.02843325730269863
3149, 0.02843325730269863
3496, 0.02843325730269863
3530, 0.02843325730269863
3562, 0.02843325730269863
3625, 0.02843325730269863
3845, 0.02843325730269863
4208, 0.02843325730269863
4618, 0.02843325730269863
4630, 0.02843325730269863
4999, 0.02843325730269863
5553, 0.02843325730269863
8891, 0.02843325730269863
9173, 0.02843325730269863
9326, 0.02843325730269863
510, 0.02843325730269863
687, 0.02843325730269863
1307, 0.02843325730269863
1315, 0.02843325730269863
1578, 0.02843325730269863
1843, 0.02843325730269863
3096, 0.02843325730269863
3140, 0.02843325730269863
3296, 0.02843325730269863
4179, 0.02843325730269863
4463, 0.02843325730269863
4559, 0.02843325730269863
4682, 0.02843325730269863
6160, 0.02843325730269863
8745, 0.02843325730269863
8880, 0.02843325730269863
8910, 0.02843325730269863
190, 0.02843325730269863
1259, 0.02843325730269863
2876, 0.02843325730269863
4684, 0.02843325730269863
8832, 0.02843325730269863
8930, 0.02843325730269863
598, 0.02843325730269863
710, 0.02843325730269863
2988, 0.02843325730269863
500, 0.02843325730269863
524, 0.02843325730269863
550, 0.02843325730269863
678, 0.02843325730269863
879, 0.02843325730269863
955, 0.02843325730269863
976, 0.02843325730269863
1003, 0.02843325730269863
1057, 0.02843325730269863
1197, 0.02843325730269863
1290, 0.02843325730269863
1687, 0.02843325730269863
1808, 0.02843325730269863
1836, 0.02843325730269863
1850, 0.02843325730269863
1859, 0.02843325730269863
2287, 0.02843325730269863
2960, 0.02843325730269863
3006, 0.02843325730269863
3282, 0.02843325730269863
3613, 0.02843325730269863
3645, 0.02843325730269863
3887, 0.02843325730269863
4045, 0.02843325730269863
4200, 0.02843325730269863
4330, 0.02843325730269863
4378, 0.02843325730269863
4415, 0.02843325730269863
4417, 0.02843325730269863
4467, 0.02843325730269863
4471, 0.02843325730269863
4481, 0.02843325730269863
4487, 0.02843325730269863
4544, 0.02843325730269863
4587, 0.02843325730269863
5697, 0.02843325730269863
5820, 0.02843325730269863
6040, 0.02843325730269863
6049, 0.02843325730269863
8747, 0.02843325730269863
8816, 0.02843325730269863
8901, 0.02843325730269863
8902, 0.02843325730269863
8918, 0.02843325730269863
8962, 0.02843325730269863
8964, 0.02843325730269863
9027, 0.02843325730269863
9048, 0.02843325730269863
9049, 0.02843325730269863
9092, 0.02843325730269863
9256, 0.02843325730269863
172, 0.02584841572972603
962, 0.02584841572972603
1749, 0.02584841572972603
2869, 0.02584841572972603
3609, 0.02584841572972603
9122, 0.02584841572972603
3430, 0.02584841572972603
4076, 0.02584841572972603
4373, 0.02584841572972603
5120, 0.02584841572972603
8882, 0.02584841572972603
3929, 0.02584841572972603
4154, 0.02584841572972603
4456, 0.02584841572972603
23, 0.02584841572972603
612, 0.02584841572972603
1029, 0.02584841572972603
1097, 0.02584841572972603
1311, 0.02584841572972603
1463, 0.02584841572972603
1497, 0.02584841572972603
2205, 0.02584841572972603
3079, 0.02584841572972603
3260, 0.02584841572972603
3843, 0.02584841572972603
4211, 0.02584841572972603
4540, 0.02584841572972603
6001, 0.02584841572972603
8804, 0.02584841572972603
8837, 0.02584841572972603
8842, 0.02584841572972603
9195, 0.02584841572972603
182, 0.02584841572972603
343, 0.02584841572972603
1665, 0.02584841572972603
2336, 0.02584841572972603
341, 0.02584841572972603
492, 0.02584841572972603
560, 0.02584841572972603
574, 0.02584841572972603
579, 0.02584841572972603
592, 0.02584841572972603
958, 0.02584841572972603
1167, 0.02584841572972603
1321, 0.02584841572972603
1323, 0.02584841572972603
1389, 0.02584841572972603
1397, 0.02584841572972603
1443, 0.02584841572972603
1494, 0.02584841572972603
1495, 0.02584841572972603
1498, 0.02584841572972603
1559, 0.02584841572972603
1563, 0.02584841572972603
2268, 0.02584841572972603
3611, 0.02584841572972603
3646, 0.02584841572972603
3869, 0.02584841572972603
4311, 0.02584841572972603
4390, 0.02584841572972603
4485, 0.02584841572972603
5150, 0.02584841572972603
6114, 0.02584841572972603
8758, 0.02584841572972603
9050, 0.02584841572972603
7, 0.02584841572972603
184, 0.02584841572972603
207, 0.02584841572972603
474, 0.02584841572972603
675, 0.02584841572972603
906, 0.02584841572972603
1589, 0.02584841572972603
1725, 0.02584841572972603
2198, 0.02584841572972603
3316, 0.02584841572972603
4347, 0.02584841572972603
4464, 0.02584841572972603
4619, 0.02584841572972603
5141, 0.02584841572972603
6033, 0.02584841572972603
6167, 0.02584841572972603
8772, 0.02584841572972603
8777, 0.02584841572972603
8932, 0.02584841572972603
8940, 0.02584841572972603
9026, 0.02584841572972603
194, 0.02584841572972603
211, 0.02584841572972603
1230, 0.02584841572972603
1262, 0.02584841572972603
1279, 0.02584841572972603
1295, 0.02584841572972603
1503, 0.02584841572972603
8752, 0.02584841572972603
8766, 0.02584841572972603
8909, 0.02584841572972603
9162, 0.02584841572972603
679, 0.02584841572972603
1434, 0.02584841572972603
1720, 0.02584841572972603
3880, 0.02584841572972603
4015, 0.02584841572972603
4716, 0.02584841572972603
8829, 0.02584841572972603
9099, 0.02584841572972603
471, 0.02584841572972603
511, 0.02584841572972603
871, 0.02584841572972603
884, 0.02584841572972603
1225, 0.02584841572972603
1257, 0.02584841572972603
1284, 0.02584841572972603
1394, 0.02584841572972603
1491, 0.02584841572972603
1516, 0.02584841572972603
1519, 0.02584841572972603
1530, 0.02584841572972603
1793, 0.02584841572972603
1812, 0.02584841572972603
2880, 0.02584841572972603
2995, 0.02584841572972603
3301, 0.02584841572972603
3457, 0.02584841572972603
3539, 0.02584841572972603
3549, 0.02584841572972603
3592, 0.02584841572972603
3651, 0.02584841572972603
3840, 0.02584841572972603
3896, 0.02584841572972603
3915, 0.02584841572972603
3932, 0.02584841572972603
4221, 0.02584841572972603
4225, 0.02584841572972603
4272, 0.02584841572972603
4281, 0.02584841572972603
4287, 0.02584841572972603
4423, 0.02584841572972603
4454, 0.02584841572972603
4580, 0.02584841572972603
4625, 0.02584841572972603
4898, 0.02584841572972603
5032, 0.02584841572972603
5128, 0.02584841572972603
5331, 0.02584841572972603
5580, 0.02584841572972603
5960, 0.02584841572972603
8867, 0.02584841572972603
8935, 0.02584841572972603
8943, 0.02584841572972603
9034, 0.02584841572972603
9060, 0.02584841572972603
9113, 0.02584841572972603
9183, 0.02584841572972603
193, 0.02326357415675342
9086, 0.02326357415675342
1428, 0.02326357415675342
5569, 0.02326357415675342
5855, 0.02326357415675342
9141, 0.02326357415675342
4570, 0.02326357415675342
14, 0.02326357415675342
629, 0.02326357415675342
643, 0.02326357415675342
1393, 0.02326357415675342
1544, 0.02326357415675342
1723, 0.02326357415675342
1817, 0.02326357415675342
2354, 0.02326357415675342
3546, 0.02326357415675342
4393, 0.02326357415675342
4582, 0.02326357415675342
4725, 0.02326357415675342
5859, 0.02326357415675342
5981, 0.02326357415675342
9076, 0.02326357415675342
9114, 0.02326357415675342
1179, 0.02326357415675342
1300, 0.02326357415675342
2362, 0.02326357415675342
4452, 0.02326357415675342
4583, 0.02326357415675342
4732, 0.02326357415675342
338, 0.02326357415675342
453, 0.02326357415675342
463, 0.02326357415675342
464, 0.02326357415675342
485, 0.02326357415675342
648, 0.02326357415675342
1023, 0.02326357415675342
1030, 0.02326357415675342
1369, 0.02326357415675342
1383, 0.02326357415675342
2200, 0.02326357415675342
3868, 0.02326357415675342
3901, 0.02326357415675342
4054, 0.02326357415675342
4334, 0.02326357415675342
4703, 0.02326357415675342
8973, 0.02326357415675342
9127, 0.02326357415675342
9185, 0.02326357415675342
9196, 0.02326357415675342
908, 0.02326357415675342
1223, 0.02326357415675342
1352, 0.02326357415675342
1797, 0.02326357415675342
1801, 0.02326357415675342
1857, 0.02326357415675342
3099, 0.02326357415675342
3614, 0.02326357415675342
3893, 0.02326357415675342
3899, 0.02326357415675342
4753, 0.02326357415675342
4761, 0.02326357415675342
8814, 0.02326357415675342
8854, 0.02326357415675342
8980, 0.02326357415675342
9066, 0.02326357415675342
919, 0.02326357415675342
1209, 0.02326357415675342
1280, 0.02326357415675342
2358, 0.02326357415675342
2885, 0.02326357415675342
4759, 0.02326357415675342
8920, 0.02326357415675342
8944, 0.02326357415675342
1214, 0.02326357415675342
3847, 0.02326357415675342
4472, 0.02326357415675342
4500, 0.02326357415675342
4561, 0.02326357415675342
4745, 0.02326357415675342
4911, 0.02326357415675342
6015, 0.02326357415675342
9, 0.02326357415675342
196, 0.02326357415675342
344, 0.02326357415675342
654, 0.02326357415675342
913, 0.02326357415675342
974, 0.02326357415675342
1036, 0.02326357415675342
1052, 0.02326357415675342
1163, 0.02326357415675342
1198, 0.02326357415675342
1256, 0.02326357415675342
1375, 0.02326357415675342
1407, 0.02326357415675342
1470, 0.02326357415675342
1485, 0.02326357415675342
1528, 0.02326357415675342
1531, 0.02326357415675342
1685, 0.02326357415675342
1795, 0.02326357415675342
1842, 0.02326357415675342
3082, 0.02326357415675342
4104, 0.02326357415675342
4280, 0.02326357415675342
4382, 0.02326357415675342
4469, 0.02326357415675342
4498, 0.02326357415675342
4608, 0.02326357415675342
4685, 0.02326357415675342
4757, 0.02326357415675342
5020, 0.02326357415675342
5994, 0.02326357415675342
6039, 0.02326357415675342
8761, 0.02326357415675342
8954, 0.02326357415675342
8956, 0.02326357415675342
8963, 0.02326357415675342
9058, 0.02326357415675342
9089, 0.02326357415675342
9139, 0.02326357415675342
9155, 0.02326357415675342
5644, 0.02067873258378082
9107, 0.02067873258378082
1486, 0.02067873258378082
4368, 0.02067873258378082
4299, 0.02067873258378082
4576, 0.02067873258378082
4566, 0.02067873258378082
4567, 0.02067873258378082
4758, 0.02067873258378082
9003, 0.02067873258378082
1193, 0.02067873258378082
3832, 0.02067873258378082
591, 0.02067873258378082
4677, 0.02067873258378082
1848, 0.02067873258378082
1195, 0.02067873258378082
4736, 0.02067873258378082
621, 0.02067873258378082
651, 0.02067873258378082
680, 0.02067873258378082
1033, 0.02067873258378082
1412, 0.02067873258378082
1475, 0.02067873258378082
2323, 0.02067873258378082
3357, 0.02067873258378082
3835, 0.02067873258378082
4314, 0.02067873258378082
4620, 0.02067873258378082
4624, 0.02067873258378082
4709, 0.02067873258378082
8805, 0.02067873258378082
8903, 0.02067873258378082
9176, 0.02067873258378082
5084, 0.01809389101080822
5395, 0.01809389101080822
2261, 0.01809389101080822
1411, 0.01809389101080822
1480, 0.01809389101080822
1488, 0.01809389101080822
1719, 0.01809389101080822
4621, 0.01809389101080822
5096, 0.015509049437835615
