1829, 0.26870057685088805
2848, 0.21213203435596423
2835, 0.18384776310850234
1255, 0.14849242404917495
1217, 0.12727922061357855
2326, 0.12020815280171308
1652, 0.11313708498984759
3250, 0.11313708498984759
8905, 0.11313708498984759
216, 0.10606601717798211
1246, 0.10606601717798211
3, 0.09899494936611665
1205, 0.09192388155425117
3566, 0.0848528137423857
1790, 0.07778174593052022
442, 0.07071067811865475
1817, 0.06363961030678927
8802, 0.06363961030678927
9112, 0.06363961030678927
8891, 0.056568542494923796
