1103, 0.1837117307087384
1757, 0.16738179909018386
9212, 0.16738179909018386
8831, 0.15105186747162935
1234, 0.1469693845669907
186, 0.14288690166235207
3680, 0.14288690166235207
8737, 0.13472193585307482
1245, 0.13472193585307482
3768, 0.13472193585307482
164, 0.1306394529484362
171, 0.1306394529484362
6068, 0.1306394529484362
1127, 0.13063945294843618
2891, 0.12247448713915893
1542, 0.12247448713915893
9096, 0.12247448713915893
3907, 0.12247448713915891
8859, 0.11839200423452029
8900, 0.11430952132988167
2872, 0.11430952132988166
8917, 0.11022703842524303
4637, 0.11022703842524303
206, 0.10614455552060441
3248, 0.10614455552060441
166, 0.1061445555206044
8760, 0.10206207261596578
1291, 0.10206207261596578
9081, 0.10206207261596578
8919, 0.10206207261596577
4696, 0.10206207261596577
2290, 0.09797958971132713
24, 0.09797958971132713
1269, 0.09797958971132713
1297, 0.09797958971132713
1762, 0.09389710680668852
5129, 0.09389710680668852
5990, 0.09389710680668852
8909, 0.09389710680668852
4198, 0.09389710680668852
618, 0.08981462390204988
8793, 0.08981462390204988
8857, 0.08981462390204988
1200, 0.08981462390204988
1272, 0.08981462390204988
4672, 0.08981462390204988
5122, 0.08573214099741124
1226, 0.08573214099741124
1279, 0.08573214099741124
1298, 0.08573214099741124
1469, 0.08573214099741124
8886, 0.08573214099741124
217, 0.08164965809277262
3878, 0.08164965809277262
5214, 0.08164965809277262
1844, 0.08164965809277262
1557, 0.08164965809277262
176, 0.08164965809277262
198, 0.08164965809277262
1222, 0.08164965809277262
1232, 0.08164965809277262
1241, 0.08164965809277262
3244, 0.08164965809277262
8732, 0.08164965809277262
8899, 0.08164965809277262
9121, 0.08164965809277262
4034, 0.08164965809277261
4422, 0.07756717518813398
2364, 0.07756717518813398
8823, 0.07756717518813398
1228, 0.07756717518813398
1262, 0.07756717518813398
1684, 0.07756717518813398
2873, 0.07756717518813398
2892, 0.07756717518813398
2893, 0.07756717518813398
3251, 0.07756717518813398
8898, 0.07756717518813398
213, 0.07348469228349536
2868, 0.07348469228349536
9158, 0.07348469228349536
2371, 0.07348469228349536
8901, 0.07348469228349536
8937, 0.07348469228349536
1235, 0.07348469228349536
1280, 0.07348469228349536
2874, 0.07348469228349536
3246, 0.07348469228349536
3252, 0.07348469228349536
3860, 0.07348469228349536
4610, 0.07348469228349536
4688, 0.07348469228349536
8750, 0.07348469228349536
8862, 0.07348469228349536
3615, 0.06940220937885673
480, 0.06940220937885673
4403, 0.06940220937885673
192, 0.06940220937885673
211, 0.06940220937885673
1005, 0.06940220937885673
1293, 0.06940220937885673
1295, 0.06940220937885673
8731, 0.06940220937885673
8826, 0.06940220937885673
2350, 0.06531972647421809
5014, 0.06531972647421809
5022, 0.06531972647421809
8840, 0.06531972647421809
8856, 0.06531972647421809
9000, 0.06531972647421809
4787, 0.06531972647421809
552, 0.06531972647421809
3136, 0.06531972647421809
4395, 0.06531972647421809
197, 0.06531972647421809
1095, 0.06531972647421809
1205, 0.06531972647421809
1229, 0.06531972647421809
1243, 0.06531972647421809
2351, 0.06531972647421809
2876, 0.06531972647421809
2890, 0.06531972647421809
3245, 0.06531972647421809
3652, 0.06531972647421809
8818, 0.06531972647421809
9038, 0.06531972647421809
9039, 0.06531972647421809
9050, 0.06531972647421809
1607, 0.06123724356957946
1751, 0.06123724356957946
2119, 0.06123724356957946
3829, 0.06123724356957946
3853, 0.06123724356957946
1304, 0.06123724356957946
1431, 0.06123724356957946
5265, 0.06123724356957946
465, 0.06123724356957946
1240, 0.06123724356957946
1424, 0.06123724356957946
1559, 0.06123724356957946
170, 0.06123724356957946
179, 0.06123724356957946
194, 0.06123724356957946
586, 0.06123724356957946
1213, 0.06123724356957946
1251, 0.06123724356957946
1289, 0.06123724356957946
2878, 0.06123724356957946
3132, 0.06123724356957946
8752, 0.06123724356957946
8777, 0.06123724356957946
8832, 0.06123724356957946
8884, 0.06123724356957946
9137, 0.06123724356957946
5315, 0.05715476066494084
22, 0.05715476066494084
4226, 0.05715476066494084
181, 0.05715476066494084
8984, 0.05715476066494084
1, 0.05715476066494084
2366, 0.05715476066494084
9330, 0.05715476066494084
173, 0.05715476066494084
546, 0.05715476066494084
1020, 0.05715476066494084
1209, 0.05715476066494084
1223, 0.05715476066494084
1263, 0.05715476066494084
1266, 0.05715476066494084
1287, 0.05715476066494084
1294, 0.05715476066494084
3591, 0.05715476066494084
8762, 0.05715476066494084
8802, 0.05715476066494084
1612, 0.053072277760302204
4623, 0.053072277760302204
5852, 0.053072277760302204
5998, 0.053072277760302204
8895, 0.053072277760302204
1633, 0.053072277760302204
1059, 0.053072277760302204
1729, 0.053072277760302204
3120, 0.053072277760302204
4629, 0.053072277760302204
1244, 0.053072277760302204
1284, 0.053072277760302204
1299, 0.053072277760302204
2324, 0.053072277760302204
2875, 0.053072277760302204
2884, 0.053072277760302204
3592, 0.053072277760302204
4193, 0.053072277760302204
8827, 0.053072277760302204
8851, 0.053072277760302204
8873, 0.053072277760302204
8925, 0.053072277760302204
8931, 0.053072277760302204
9130, 0.053072277760302204
9132, 0.053072277760302204
9151, 0.053072277760302204
9159, 0.053072277760302204
167, 0.048989794855663564
1750, 0.048989794855663564
2977, 0.048989794855663564
4673, 0.048989794855663564
5547, 0.048989794855663564
1835, 0.048989794855663564
8988, 0.048989794855663564
624, 0.048989794855663564
998, 0.048989794855663564
1468, 0.048989794855663564
549, 0.048989794855663564
585, 0.048989794855663564
1292, 0.048989794855663564
4344, 0.048989794855663564
8736, 0.048989794855663564
8808, 0.048989794855663564
9083, 0.048989794855663564
1246, 0.048989794855663564
1250, 0.048989794855663564
1565, 0.048989794855663564
2888, 0.048989794855663564
3130, 0.048989794855663564
3138, 0.048989794855663564
3247, 0.048989794855663564
3659, 0.048989794855663564
4764, 0.048989794855663564
8769, 0.048989794855663564
8861, 0.048989794855663564
8885, 0.048989794855663564
8920, 0.048989794855663564
9056, 0.048989794855663564
9057, 0.048989794855663564
9111, 0.048989794855663564
9156, 0.048989794855663564
611, 0.04490731195102494
3626, 0.04490731195102494
4418, 0.04490731195102494
4633, 0.04490731195102494
5123, 0.04490731195102494
6096, 0.04490731195102494
8888, 0.04490731195102494
8921, 0.04490731195102494
9002, 0.04490731195102494
9042, 0.04490731195102494
506, 0.04490731195102494
1303, 0.04490731195102494
1430, 0.04490731195102494
3920, 0.04490731195102494
4171, 0.04490731195102494
9035, 0.04490731195102494
495, 0.04490731195102494
879, 0.04490731195102494
4624, 0.04490731195102494
539, 0.04490731195102494
1408, 0.04490731195102494
3142, 0.04490731195102494
3153, 0.04490731195102494
4037, 0.04490731195102494
4179, 0.04490731195102494
4421, 0.04490731195102494
4614, 0.04490731195102494
9204, 0.04490731195102494
218, 0.04490731195102494
578, 0.04490731195102494
1210, 0.04490731195102494
1274, 0.04490731195102494
1278, 0.04490731195102494
1643, 0.04490731195102494
3249, 0.04490731195102494
9186, 0.04490731195102494
165, 0.04082482904638631
172, 0.04082482904638631
962, 0.04082482904638631
1749, 0.04082482904638631
2869, 0.04082482904638631
3609, 0.04082482904638631
4530, 0.04082482904638631
5011, 0.04082482904638631
9122, 0.04082482904638631
1429, 0.04082482904638631
3430, 0.04082482904638631
4076, 0.04082482904638631
4373, 0.04082482904638631
517, 0.04082482904638631
1529, 0.04082482904638631
4744, 0.04082482904638631
4755, 0.04082482904638631
8864, 0.04082482904638631
560, 0.04082482904638631
3129, 0.04082482904638631
3484, 0.04082482904638631
4031, 0.04082482904638631
4347, 0.04082482904638631
4381, 0.04082482904638631
4589, 0.04082482904638631
4593, 0.04082482904638631
9199, 0.04082482904638631
204, 0.04082482904638631
207, 0.04082482904638631
905, 0.04082482904638631
1242, 0.04082482904638631
2880, 0.04082482904638631
2881, 0.04082482904638631
3457, 0.04082482904638631
4335, 0.04082482904638631
8765, 0.04082482904638631
8766, 0.04082482904638631
8792, 0.04082482904638631
9006, 0.04082482904638631
9047, 0.04082482904638631
9184, 0.04082482904638631
169, 0.03674234614174768
193, 0.03674234614174768
4018, 0.03674234614174768
5019, 0.03674234614174768
9064, 0.03674234614174768
9086, 0.03674234614174768
1062, 0.03674234614174768
1428, 0.03674234614174768
1499, 0.03674234614174768
3820, 0.03674234614174768
3879, 0.03674234614174768
4222, 0.03674234614174768
5569, 0.03674234614174768
5855, 0.03674234614174768
9108, 0.03674234614174768
9141, 0.03674234614174768
14, 0.03674234614174768
1188, 0.03674234614174768
4278, 0.03674234614174768
561, 0.03674234614174768
610, 0.03674234614174768
1275, 0.03674234614174768
4033, 0.03674234614174768
4199, 0.03674234614174768
4276, 0.03674234614174768
1256, 0.03674234614174768
2208, 0.03674234614174768
8783, 0.03674234614174768
8825, 0.03674234614174768
8845, 0.03674234614174768
8883, 0.03674234614174768
9127, 0.03674234614174768
4428, 0.032659863237109045
4475, 0.032659863237109045
5644, 0.032659863237109045
8946, 0.032659863237109045
9107, 0.032659863237109045
1486, 0.032659863237109045
3821, 0.032659863237109045
4368, 0.032659863237109045
4713, 0.032659863237109045
3562, 0.032659863237109045
8805, 0.032659863237109045
522, 0.032659863237109045
3858, 0.032659863237109045
4707, 0.032659863237109045
4701, 0.032659863237109045
9049, 0.032659863237109045
5084, 0.02857738033247042
545, 0.02857738033247042
4767, 0.02857738033247042
5096, 0.024494897427831782
