3767, 0.3667151483099655
9265, 0.31752165280497013
4408, 0.2593838853899756
3671, 0.20124611797498107
9175, 0.20124611797498107
923, 0.18335757415498274
965, 0.18335757415498274
3907, 0.169941166289984
1241, 0.16099689437998485
9186, 0.15652475842498528
4198, 0.1520526224699857
3674, 0.14758048651498612
1245, 0.14310835055998655
1280, 0.14310835055998655
9121, 0.14310835055998655
5064, 0.14310835055998655
4875, 0.14310835055998655
3817, 0.13863621460498696
1200, 0.1341640786499874
2873, 0.1341640786499874
1228, 0.12521980673998823
1235, 0.12521980673998823
4636, 0.12521980673998823
8859, 0.12521980673998823
9096, 0.12521980673998823
4541, 0.12521980673998823
4614, 0.12074767078498866
8827, 0.11627553482998906
3914, 0.11627553482998906
9174, 0.11627553482998906
9038, 0.1118033988749895
8837, 0.11180339887498947
9039, 0.11180339887498947
9050, 0.11180339887498947
1262, 0.1073312629199899
3248, 0.1073312629199899
8825, 0.1073312629199899
211, 0.10285912696499033
1213, 0.10285912696499033
2890, 0.10285912696499033
3251, 0.10285912696499033
8811, 0.10285912696499033
8961, 0.10285912696499033
9008, 0.10285912696499033
2288, 0.10285912696499033
3916, 0.10285912696499033
6066, 0.10285912696499033
1211, 0.09838699100999075
2891, 0.09838699100999075
3246, 0.09838699100999075
8732, 0.09838699100999075
4764, 0.09838699100999074
1209, 0.09391485505499117
1226, 0.09391485505499116
1232, 0.09391485505499116
9163, 0.09391485505499116
520, 0.09391485505499116
1291, 0.08944271909999159
2881, 0.08944271909999159
3244, 0.08944271909999159
4549, 0.08944271909999159
4589, 0.08944271909999159
4995, 0.08944271909999159
8931, 0.08944271909999159
9007, 0.08944271909999159
3917, 0.08944271909999159
3919, 0.08944271909999159
4528, 0.084970583144992
4593, 0.084970583144992
4610, 0.084970583144992
4767, 0.084970583144992
8898, 0.084970583144992
9178, 0.084970583144992
1139, 0.084970583144992
4629, 0.084970583144992
3146, 0.08049844718999243
3245, 0.08049844718999243
4611, 0.08049844718999243
8750, 0.08049844718999243
8845, 0.08049844718999243
8897, 0.08049844718999243
554, 0.08049844718999243
2252, 0.08049844718999243
3915, 0.08049844718999243
2334, 0.07602631123499286
2895, 0.07602631123499286
4544, 0.07602631123499286
9101, 0.07602631123499286
9180, 0.07602631123499286
2209, 0.07602631123499286
2224, 0.07602631123499286
3918, 0.07602631123499286
9177, 0.07602631123499286
5136, 0.07602631123499286
1256, 0.07155417527999328
1272, 0.07155417527999328
1274, 0.07155417527999328
1542, 0.07155417527999328
1606, 0.07155417527999328
2880, 0.07155417527999328
3135, 0.07155417527999328
4744, 0.07155417527999328
5319, 0.07155417527999328
8769, 0.07155417527999328
8802, 0.07155417527999328
8886, 0.07155417527999328
582, 0.07155417527999328
5743, 0.07155417527999328
8821, 0.07155417527999328
8979, 0.07155417527999328
24, 0.06708203932499368
206, 0.06708203932499368
575, 0.06708203932499368
1216, 0.06708203932499368
1225, 0.06708203932499368
1257, 0.06708203932499368
1689, 0.06708203932499368
1751, 0.06708203932499368
2335, 0.06708203932499368
3648, 0.06708203932499368
4238, 0.06708203932499368
6168, 0.06708203932499368
8904, 0.06708203932499368
9093, 0.06708203932499368
9184, 0.06708203932499368
2218, 0.06708203932499368
190, 0.06708203932499368
218, 0.06708203932499368
631, 0.06708203932499368
991, 0.06708203932499368
1551, 0.06708203932499368
9086, 0.06708203932499368
164, 0.06260990336999411
897, 0.06260990336999411
1088, 0.06260990336999411
1279, 0.06260990336999411
1860, 0.06260990336999411
2284, 0.06260990336999411
2997, 0.06260990336999411
3252, 0.06260990336999411
5327, 0.06260990336999411
8957, 0.06260990336999411
9023, 0.06260990336999411
9120, 0.06260990336999411
9148, 0.06260990336999411
424, 0.06260990336999411
550, 0.06260990336999411
4557, 0.06260990336999411
4633, 0.06260990336999411
4950, 0.06260990336999411
181, 0.06260990336999411
1185, 0.06260990336999411
1342, 0.06260990336999411
1467, 0.06260990336999411
4178, 0.06260990336999411
8789, 0.06260990336999411
194, 0.05813776741499453
472, 0.05813776741499453
1127, 0.05813776741499453
1555, 0.05813776741499453
3880, 0.05813776741499453
5800, 0.05813776741499453
6021, 0.05813776741499453
6055, 0.05813776741499453
8798, 0.05813776741499453
9138, 0.05813776741499453
532, 0.05813776741499453
684, 0.05813776741499453
2251, 0.05813776741499453
3075, 0.05813776741499453
9298, 0.05813776741499453
1286, 0.05813776741499453
1844, 0.05813776741499453
2324, 0.05813776741499453
2857, 0.05813776741499453
3308, 0.05813776741499453
3341, 0.05813776741499453
3369, 0.05813776741499453
5137, 0.05813776741499453
8777, 0.05813776741499453
8949, 0.05813776741499453
9260, 0.05813776741499453
649, 0.05366563145999495
1186, 0.05366563145999495
1202, 0.05366563145999495
1246, 0.05366563145999495
1269, 0.05366563145999495
1623, 0.05366563145999495
2290, 0.05366563145999495
2876, 0.05366563145999495
3133, 0.05366563145999495
3138, 0.05366563145999495
3247, 0.05366563145999495
3250, 0.05366563145999495
3529, 0.05366563145999495
3559, 0.05366563145999495
3859, 0.05366563145999495
3860, 0.05366563145999495
4490, 0.05366563145999495
4570, 0.05366563145999495
4596, 0.05366563145999495
4688, 0.05366563145999495
8884, 0.05366563145999495
9056, 0.05366563145999495
9159, 0.05366563145999495
9166, 0.05366563145999495
427, 0.05366563145999495
478, 0.05366563145999495
545, 0.05366563145999495
1098, 0.05366563145999495
1767, 0.05366563145999495
5138, 0.05366563145999495
21, 0.05366563145999495
880, 0.05366563145999495
985, 0.05366563145999495
1053, 0.05366563145999495
1224, 0.05366563145999495
1432, 0.05366563145999495
2371, 0.05366563145999495
3124, 0.05366563145999495
3566, 0.05366563145999495
5140, 0.05366563145999495
6042, 0.05366563145999495
8814, 0.05366563145999495
9161, 0.05366563145999495
558, 0.049193495504995376
893, 0.049193495504995376
1189, 0.049193495504995376
1229, 0.049193495504995376
3894, 0.049193495504995376
4391, 0.049193495504995376
4547, 0.049193495504995376
4776, 0.049193495504995376
5992, 0.049193495504995376
6003, 0.049193495504995376
8760, 0.049193495504995376
8999, 0.049193495504995376
9036, 0.049193495504995376
9137, 0.049193495504995376
1140, 0.049193495504995376
2196, 0.049193495504995376
3106, 0.049193495504995376
4529, 0.049193495504995376
4632, 0.049193495504995376
9179, 0.049193495504995376
22, 0.049193495504995376
986, 0.049193495504995376
1066, 0.049193495504995376
1343, 0.049193495504995376
1578, 0.049193495504995376
2892, 0.049193495504995376
3494, 0.049193495504995376
4171, 0.049193495504995376
4407, 0.049193495504995376
4569, 0.049193495504995376
4768, 0.049193495504995376
5316, 0.049193495504995376
8820, 0.049193495504995376
8838, 0.049193495504995376
8994, 0.049193495504995376
9066, 0.049193495504995376
905, 0.044721359549995794
1230, 0.044721359549995794
1295, 0.044721359549995794
1434, 0.044721359549995794
1527, 0.044721359549995794
1536, 0.044721359549995794
1812, 0.044721359549995794
2096, 0.044721359549995794
2366, 0.044721359549995794
2884, 0.044721359549995794
3457, 0.044721359549995794
4335, 0.044721359549995794
4347, 0.044721359549995794
4592, 0.044721359549995794
4595, 0.044721359549995794
5586, 0.044721359549995794
8752, 0.044721359549995794
8792, 0.044721359549995794
8917, 0.044721359549995794
4277, 0.044721359549995794
4281, 0.044721359549995794
23, 0.044721359549995794
182, 0.044721359549995794
204, 0.044721359549995794
645, 0.044721359549995794
2214, 0.044721359549995794
2874, 0.044721359549995794
3377, 0.044721359549995794
4031, 0.044721359549995794
4193, 0.044721359549995794
4581, 0.044721359549995794
8842, 0.044721359549995794
8851, 0.044721359549995794
8970, 0.044721359549995794
213, 0.04024922359499621
485, 0.04024922359499621
908, 0.04024922359499621
909, 0.04024922359499621
974, 0.04024922359499621
1163, 0.04024922359499621
1251, 0.04024922359499621
1565, 0.04024922359499621
2872, 0.04024922359499621
3136, 0.04024922359499621
3288, 0.04024922359499621
3893, 0.04024922359499621
4041, 0.04024922359499621
4092, 0.04024922359499621
4107, 0.04024922359499621
4280, 0.04024922359499621
4691, 0.04024922359499621
5801, 0.04024922359499621
6015, 0.04024922359499621
8736, 0.04024922359499621
8831, 0.04024922359499621
8920, 0.04024922359499621
8937, 0.04024922359499621
9058, 0.04024922359499621
9115, 0.04024922359499621
4342, 0.04024922359499621
5569, 0.04024922359499621
14, 0.04024922359499621
569, 0.04024922359499621
628, 0.04024922359499621
636, 0.04024922359499621
1188, 0.04024922359499621
1223, 0.04024922359499621
1254, 0.04024922359499621
1448, 0.04024922359499621
1470, 0.04024922359499621
1483, 0.04024922359499621
2200, 0.04024922359499621
2354, 0.04024922359499621
2362, 0.04024922359499621
3082, 0.04024922359499621
3500, 0.04024922359499621
3532, 0.04024922359499621
4583, 0.04024922359499621
4616, 0.04024922359499621
4708, 0.04024922359499621
8746, 0.04024922359499621
8830, 0.04024922359499621
8901, 0.04024922359499621
8912, 0.04024922359499621
8973, 0.04024922359499621
591, 0.03577708763999664
1020, 0.03577708763999664
1556, 0.03577708763999664
1715, 0.03577708763999664
3821, 0.03577708763999664
4279, 0.03577708763999664
4300, 0.03577708763999664
4534, 0.03577708763999664
9005, 0.03577708763999664
1181, 0.03577708763999664
9176, 0.03577708763999664
608, 0.03577708763999664
903, 0.03577708763999664
1321, 0.03577708763999664
1491, 0.03577708763999664
1661, 0.03577708763999664
1848, 0.03577708763999664
2323, 0.03577708763999664
3486, 0.03577708763999664
4213, 0.03577708763999664
4567, 0.03577708763999664
4723, 0.03577708763999664
4724, 0.03577708763999664
8891, 0.03577708763999664
603, 0.03130495168499706
1364, 0.03130495168499706
4184, 0.026832815729997475
1319, 0.026832815729997475
