624, 0.29500000000000004
627, 0.29
650, 0.29
4255, 0.25
1341, 0.24
3785, 0.225
4261, 0.225
577, 0.21
3781, 0.205
1283, 0.195
575, 0.19
1646, 0.19
3247, 0.19
4489, 0.19
9129, 0.19
3152, 0.185
2879, 0.18
10, 0.175
1232, 0.175
2367, 0.175
3790, 0.175
2886, 0.16999999999999998
8953, 0.16999999999999998
671, 0.165
1844, 0.165
4114, 0.165
5066, 0.165
8832, 0.165
2834, 0.165
1403, 0.16499999999999998
642, 0.16
1274, 0.16
1328, 0.16
1330, 0.16
3146, 0.16
3249, 0.16
9121, 0.16
1587, 0.15000000000000002
2877, 0.15000000000000002
3317, 0.15000000000000002
1404, 0.15
1739, 0.15
1744, 0.15
432, 0.14500000000000002
2971, 0.14500000000000002
1075, 0.145
1216, 0.145
8893, 0.145
675, 0.14
2858, 0.14
2882, 0.14
2883, 0.14
3244, 0.14
4044, 0.14
25, 0.135
908, 0.135
1218, 0.135
1545, 0.135
2357, 0.135
2364, 0.135
2844, 0.135
3118, 0.135
3126, 0.135
9087, 0.135
9122, 0.135
20, 0.13
190, 0.13
580, 0.13
633, 0.13
919, 0.13
1111, 0.13
2225, 0.13
3251, 0.13
9180, 0.13
4236, 0.13
568, 0.125
669, 0.125
1236, 0.125
1546, 0.125
1550, 0.125
2850, 0.125
4105, 0.125
4567, 0.125
4596, 0.125
4603, 0.125
1260, 0.12000000000000001
212, 0.12
213, 0.12
429, 0.12
540, 0.12
877, 0.12
888, 0.12
1024, 0.12
1268, 0.12
1520, 0.12
1552, 0.12
2352, 0.12
3135, 0.12
3250, 0.12
4091, 0.12
4237, 0.12
4684, 0.12
3307, 0.12
529, 0.115
551, 0.115
720, 0.115
1196, 0.115
1233, 0.115
1258, 0.115
1261, 0.115
1541, 0.115
1548, 0.115
1652, 0.115
2221, 0.115
3119, 0.115
3125, 0.115
3139, 0.115
3518, 0.115
4052, 0.115
4562, 0.115
4614, 0.115
4760, 0.115
8829, 0.115
8956, 0.115
9298, 0.115
4595, 0.11499999999999999
4534, 0.11000000000000001
36, 0.11
461, 0.11
678, 0.11
878, 0.11
900, 0.11
905, 0.11
976, 0.11
1113, 0.11
1208, 0.11
1211, 0.11
1277, 0.11
1542, 0.11
1624, 0.11
1747, 0.11
1788, 0.11
2335, 0.11
3121, 0.11
3149, 0.11
3526, 0.11
3890, 0.11
4350, 0.11
4388, 0.11
4687, 0.11
8733, 0.11
1342, 0.11
693, 0.11
1331, 0.11
3486, 0.10500000000000001
11, 0.105
439, 0.105
911, 0.105
939, 0.105
1257, 0.105
1401, 0.105
1685, 0.105
1841, 0.105
2217, 0.105
2231, 0.105
2366, 0.105
2870, 0.105
3133, 0.105
3253, 0.105
3483, 0.105
3659, 0.105
3885, 0.105
4305, 0.105
4549, 0.105
4570, 0.105
4589, 0.105
4618, 0.105
4757, 0.105
8732, 0.105
8769, 0.105
8899, 0.105
8861, 0.105
1297, 0.105
3330, 0.105
3884, 0.105
449, 0.1
530, 0.1
544, 0.1
597, 0.1
649, 0.1
700, 0.1
918, 0.1
1020, 0.1
1089, 0.1
1224, 0.1
1285, 0.1
1289, 0.1
1291, 0.1
1313, 0.1
1343, 0.1
1557, 0.1
1559, 0.1
1566, 0.1
1843, 0.1
1847, 0.1
2268, 0.1
2327, 0.1
2334, 0.1
2690, 0.1
3112, 0.1
3120, 0.1
3137, 0.1
3151, 0.1
3340, 0.1
3377, 0.1
3521, 0.1
3561, 0.1
3858, 0.1
4075, 0.1
4233, 0.1
4339, 0.1
4490, 0.1
4492, 0.1
8746, 0.1
8950, 0.1
9131, 0.1
9166, 0.1
9178, 0.1
8868, 0.1
24, 0.1
723, 0.1
1766, 0.1
1818, 0.1
8964, 0.1
9048, 0.1
185, 0.095
480, 0.095
522, 0.095
555, 0.095
560, 0.095
579, 0.095
581, 0.095
583, 0.095
614, 0.095
674, 0.095
913, 0.095
1206, 0.095
1255, 0.095
1339, 0.095
1340, 0.095
1473, 0.095
1514, 0.095
1549, 0.095
1551, 0.095
1554, 0.095
1560, 0.095
2218, 0.095
2229, 0.095
2895, 0.095
3127, 0.095
3129, 0.095
3132, 0.095
3134, 0.095
3144, 0.095
3245, 0.095
3246, 0.095
4317, 0.095
4351, 0.095
4386, 0.095
4627, 0.095
8782, 0.095
8929, 0.095
1, 0.09
8, 0.09
17, 0.09
164, 0.09
205, 0.09
518, 0.09
519, 0.09
557, 0.09
567, 0.09
578, 0.09
582, 0.09
585, 0.09
892, 0.09
916, 0.09
922, 0.09
1031, 0.09
1214, 0.09
1223, 0.09
1241, 0.09
1266, 0.09
1332, 0.09
1334, 0.09
1345, 0.09
1544, 0.09
1547, 0.09
1555, 0.09
1562, 0.09
1563, 0.09
1564, 0.09
1793, 0.09
1794, 0.09
2884, 0.09
3105, 0.09
3114, 0.09
3123, 0.09
3124, 0.09
3130, 0.09
3153, 0.09
3302, 0.09
3346, 0.09
3516, 0.09
3568, 0.09
3569, 0.09
4053, 0.09
4126, 0.09
4199, 0.09
4349, 0.09
4598, 0.09
4607, 0.09
4608, 0.09
4764, 0.09
8759, 0.09
8821, 0.09
8846, 0.09
8864, 0.09
8917, 0.09
8926, 0.09
8951, 0.09
9184, 0.09
4344, 0.09
8933, 0.09
3354, 0.09
3437, 0.09
3590, 0.09
9107, 0.09
21, 0.085
175, 0.085
181, 0.085
423, 0.085
462, 0.085
569, 0.085
573, 0.085
622, 0.085
647, 0.085
655, 0.085
907, 0.085
1053, 0.085
1097, 0.085
1130, 0.085
1265, 0.085
1278, 0.085
1335, 0.085
1402, 0.085
1426, 0.085
1488, 0.085
1553, 0.085
1558, 0.085
1630, 0.085
1686, 0.085
2251, 0.085
2324, 0.085
2325, 0.085
2363, 0.085
2874, 0.085
2875, 0.085
3111, 0.085
3113, 0.085
3145, 0.085
3458, 0.085
3480, 0.085
3566, 0.085
3608, 0.085
3816, 0.085
4113, 0.085
4194, 0.085
4197, 0.085
4257, 0.085
4394, 0.085
4554, 0.085
4579, 0.085
4604, 0.085
4630, 0.085
8736, 0.085
8775, 0.085
8819, 0.085
8994, 0.085
9047, 0.085
9179, 0.085
1424, 0.085
8738, 0.085
520, 0.085
1220, 0.085
2952, 0.085
3336, 0.085
3660, 0.085
4060, 0.085
8751, 0.085
8849, 0.085
13, 0.08
40, 0.08
193, 0.08
211, 0.08
521, 0.08
525, 0.08
545, 0.08
558, 0.08
637, 0.08
880, 0.08
920, 0.08
1027, 0.08
1029, 0.08
1066, 0.08
1225, 0.08
1250, 0.08
1254, 0.08
1271, 0.08
1321, 0.08
1447, 0.08
1453, 0.08
1574, 0.08
1578, 0.08
1802, 0.08
1846, 0.08
2894, 0.08
3099, 0.08
3117, 0.08
3136, 0.08
3248, 0.08
3252, 0.08
3353, 0.08
3375, 0.08
3468, 0.08
3494, 0.08
3559, 0.08
3565, 0.08
3834, 0.08
4041, 0.08
4269, 0.08
4274, 0.08
4299, 0.08
4312, 0.08
4367, 0.08
4391, 0.08
4484, 0.08
4592, 0.08
4600, 0.08
4606, 0.08
4611, 0.08
4768, 0.08
8811, 0.08
8852, 0.08
8930, 0.08
9140, 0.08
9188, 0.08
595, 0.08
2258, 0.08
4440, 0.08
1353, 0.08
8817, 0.08
447, 0.08
1183, 0.08
1745, 0.08
1750, 0.08
3300, 0.08
3433, 0.08
3445, 0.08
9053, 0.08
9089, 0.08
9130, 0.08
218, 0.075
537, 0.075
562, 0.075
563, 0.075
570, 0.075
572, 0.075
891, 0.075
906, 0.075
910, 0.075
977, 0.075
1139, 0.075
1204, 0.075
1213, 0.075
1249, 0.075
1280, 0.075
1284, 0.075
1306, 0.075
1406, 0.075
1439, 0.075
1556, 0.075
1565, 0.075
1615, 0.075
1623, 0.075
1656, 0.075
1665, 0.075
1790, 0.075
1849, 0.075
1863, 0.075
2265, 0.075
2322, 0.075
2323, 0.075
2337, 0.075
2339, 0.075
2369, 0.075
2880, 0.075
2986, 0.075
3301, 0.075
3350, 0.075
3457, 0.075
3510, 0.075
3525, 0.075
3540, 0.075
3558, 0.075
3867, 0.075
3868, 0.075
3907, 0.075
4275, 0.075
4276, 0.075
4380, 0.075
4493, 0.075
4495, 0.075
4528, 0.075
4544, 0.075
4597, 0.075
4612, 0.075
4690, 0.075
8776, 0.075
8826, 0.075
8836, 0.075
8891, 0.075
8912, 0.075
8955, 0.075
9057, 0.075
9086, 0.075
9101, 0.075
9118, 0.075
9147, 0.075
202, 0.075
217, 0.075
1616, 0.075
1808, 0.075
34, 0.075
48, 0.075
458, 0.075
715, 0.075
915, 0.075
1145, 0.075
1210, 0.075
2878, 0.075
2970, 0.075
3434, 0.075
3446, 0.075
8925, 0.075
467, 0.07
621, 0.07
903, 0.07
917, 0.07
1174, 0.07
1230, 0.07
1256, 0.07
1263, 0.07
1383, 0.07
1397, 0.07
1419, 0.07
1448, 0.07
1471, 0.07
1509, 0.07
1640, 0.07
1643, 0.07
1848, 0.07
2340, 0.07
2359, 0.07
2890, 0.07
2999, 0.07
3106, 0.07
3138, 0.07
3442, 0.07
3534, 0.07
3609, 0.07
3897, 0.07
4064, 0.07
4184, 0.07
4381, 0.07
4384, 0.07
4387, 0.07
4390, 0.07
4392, 0.07
4398, 0.07
4545, 0.07
4593, 0.07
4667, 0.07
4691, 0.07
4739, 0.07
8820, 0.07
8885, 0.07
9096, 0.07
9112, 0.07
460, 0.07
641, 0.07
1356, 0.07
8880, 0.07
47, 0.07
550, 0.07
692, 0.07
705, 0.07
868, 0.07
1398, 0.07
1773, 0.07
1850, 0.07
1859, 0.07
1860, 0.07
2281, 0.07
2997, 0.07
3010, 0.07
3122, 0.07
3313, 0.07
3467, 0.07
3605, 0.07
3880, 0.07
9135, 0.07
7, 0.065
161, 0.065
172, 0.065
468, 0.065
565, 0.065
643, 0.065
1132, 0.065
1205, 0.065
1207, 0.065
1221, 0.065
1244, 0.065
1336, 0.065
1344, 0.065
1364, 0.065
1409, 0.065
1452, 0.065
1504, 0.065
1519, 0.065
1523, 0.065
1633, 0.065
1812, 0.065
2210, 0.065
2885, 0.065
2887, 0.065
3376, 0.065
3539, 0.065
3571, 0.065
3592, 0.065
3814, 0.065
3870, 0.065
3895, 0.065
3903, 0.065
4170, 0.065
4244, 0.065
4273, 0.065
4279, 0.065
4348, 0.065
4485, 0.065
4491, 0.065
4543, 0.065
4568, 0.065
4581, 0.065
4594, 0.065
4609, 0.065
4619, 0.065
4629, 0.065
8750, 0.065
8862, 0.065
9064, 0.065
9127, 0.065
9176, 0.065
684, 0.065
652, 0.065
8945, 0.065
596, 0.065
1286, 0.065
1817, 0.065
2253, 0.065
2872, 0.065
2991, 0.065
3431, 0.065
3904, 0.065
5126, 0.065
8966, 0.065
8996, 0.065
9074, 0.065
9, 0.06
23, 0.06
162, 0.06
477, 0.06
479, 0.06
605, 0.06
631, 0.06
901, 0.06
1025, 0.06
1073, 0.06
1202, 0.06
1369, 0.06
1465, 0.06
1567, 0.06
1638, 0.06
1641, 0.06
1669, 0.06
1741, 0.06
1853, 0.06
1856, 0.06
2203, 0.06
2206, 0.06
2208, 0.06
2274, 0.06
2277, 0.06
2338, 0.06
2365, 0.06
2868, 0.06
3185, 0.06
3529, 0.06
3598, 0.06
3652, 0.06
4063, 0.06
4107, 0.06
4123, 0.06
4192, 0.06
4306, 0.06
4336, 0.06
4533, 0.06
4688, 0.06
4718, 0.06
4759, 0.06
8783, 0.06
8825, 0.06
9056, 0.06
1767, 0.06
4328, 0.06
1166, 0.06
1585, 0.06
3515, 0.06
4310, 0.06
4, 0.06
1072, 0.06
1112, 0.06
1217, 0.06
1269, 0.06
1333, 0.06
2321, 0.06
3150, 0.06
3331, 0.06
3444, 0.06
4072, 0.06
4120, 0.06
4303, 0.06
4577, 0.06
8726, 0.06
8727, 0.06
8906, 0.06
8927, 0.06
9058, 0.06
9155, 0.06
14, 0.055
166, 0.055
496, 0.055
611, 0.055
909, 0.055
1140, 0.055
1173, 0.055
1259, 0.055
1378, 0.055
1506, 0.055
1543, 0.055
1579, 0.055
1625, 0.055
1857, 0.055
2272, 0.055
2275, 0.055
2871, 0.055
3116, 0.055
3140, 0.055
3141, 0.055
3142, 0.055
3374, 0.055
3573, 0.055
4051, 0.055
4094, 0.055
4110, 0.055
4178, 0.055
4196, 0.055
4270, 0.055
4280, 0.055
4341, 0.055
4385, 0.055
4472, 0.055
4482, 0.055
4510, 0.055
4587, 0.055
4624, 0.055
6015, 0.055
8789, 0.055
8793, 0.055
9035, 0.055
9186, 0.055
9367, 0.055
1194, 0.055
3347, 0.055
651, 0.055
658, 0.055
1228, 0.055
1229, 0.055
1687, 0.055
4291, 0.055
8816, 0.055
6, 0.055
214, 0.055
539, 0.055
548, 0.055
668, 0.055
1418, 0.055
1796, 0.055
1814, 0.055
1855, 0.055
2326, 0.055
2893, 0.055
3343, 0.055
3429, 0.055
3508, 0.055
3845, 0.055
4340, 0.055
4356, 0.055
4363, 0.055
4529, 0.055
4584, 0.055
8894, 0.055
8918, 0.055
8921, 0.055
9036, 0.055
12, 0.05
194, 0.05
337, 0.05
474, 0.05
501, 0.05
523, 0.05
593, 0.05
640, 0.05
645, 0.05
885, 0.05
887, 0.05
1240, 0.05
1309, 0.05
1365, 0.05
1395, 0.05
1414, 0.05
1508, 0.05
1516, 0.05
1561, 0.05
1666, 0.05
1805, 0.05
1813, 0.05
2320, 0.05
2692, 0.05
2888, 0.05
2889, 0.05
3337, 0.05
3567, 0.05
3852, 0.05
3900, 0.05
4272, 0.05
4335, 0.05
4512, 0.05
4546, 0.05
4641, 0.05
4743, 0.05
4744, 0.05
5317, 0.05
9006, 0.05
2096, 0.05
4204, 0.05
4454, 0.05
1688, 0.05
1806, 0.05
4287, 0.05
2, 0.05
183, 0.05
184, 0.05
207, 0.05
689, 0.05
871, 0.05
896, 0.05
1248, 0.05
1484, 0.05
1517, 0.05
1684, 0.05
1787, 0.05
1861, 0.05
2266, 0.05
3079, 0.05
3553, 0.05
3818, 0.05
3859, 0.05
4373, 0.05
4399, 0.05
8896, 0.05
8909, 0.05
8931, 0.05
8932, 0.05
8936, 0.05
9167, 0.05
3, 0.045
451, 0.045
464, 0.045
559, 0.045
628, 0.045
644, 0.045
898, 0.045
902, 0.045
1023, 0.045
1188, 0.045
1209, 0.045
1276, 0.045
1354, 0.045
1393, 0.045
1464, 0.045
1470, 0.045
1485, 0.045
2362, 0.045
3557, 0.045
3871, 0.045
4071, 0.045
4389, 0.045
4500, 0.045
4626, 0.045
4708, 0.045
4749, 0.045
4767, 0.045
8838, 0.045
8920, 0.045
9150, 0.045
1062, 0.045
4457, 0.045
4288, 0.045
9030, 0.045
196, 0.045
534, 0.045
561, 0.045
571, 0.045
629, 0.045
653, 0.045
656, 0.045
978, 0.045
1030, 0.045
1180, 0.045
1293, 0.045
1662, 0.045
2981, 0.045
4164, 0.045
4231, 0.045
4409, 0.045
8831, 0.045
630, 0.04
1193, 0.04
1412, 0.04
1476, 0.04
1487, 0.04
1715, 0.04
2876, 0.04
3108, 0.04
4213, 0.04
4374, 0.04
4569, 0.04
4701, 0.04
4758, 0.04
6063, 0.04
535, 0.04
4036, 0.04
4463, 0.04
1170, 0.04
9005, 0.04
589, 0.04
600, 0.04
602, 0.04
639, 0.04
946, 0.04
1288, 0.04
1486, 0.04
1810, 0.04
3357, 0.04
4709, 0.04
4723, 0.04
8992, 0.04
1411, 0.035
1480, 0.035
4228, 0.035
