3679, 0.29
3677, 0.25
3681, 0.225
1992, 0.205
4167, 0.19
2098, 0.18
3680, 0.175
3693, 0.175
1102, 0.17
4173, 0.165
2852, 0.15
3850, 0.15
3588, 0.125
3011, 0.12
1086, 0.115
1089, 0.115
4605, 0.11
697, 0.11
3826, 0.1
3858, 0.1
1075, 0.1
1141, 0.1
3524, 0.1
2271, 0.095
3832, 0.095
4632, 0.095
9250, 0.095
2196, 0.095
486, 0.09
3256, 0.09
4560, 0.09
4764, 0.09
5213, 0.09
6070, 0.09
6215, 0.09
527, 0.09
1070, 0.09
3589, 0.09
2989, 0.085
3875, 0.085
4996, 0.085
6058, 0.085
8773, 0.085
1096, 0.085
1105, 0.085
1106, 0.085
1108, 0.085
2952, 0.085
3648, 0.085
4606, 0.085
447, 0.08
626, 0.08
1649, 0.08
2690, 0.08
4436, 0.08
9286, 0.08
9368, 0.08
539, 0.08
585, 0.08
1074, 0.08
1078, 0.08
1087, 0.08
1125, 0.08
1134, 0.08
1634, 0.08
2231, 0.08
3819, 0.08
1551, 0.075
1616, 0.075
2878, 0.075
3560, 0.075
4037, 0.075
5979, 0.075
6054, 0.075
9171, 0.075
1248, 0.075
1747, 0.075
2105, 0.075
3072, 0.075
4238, 0.075
4333, 0.075
4541, 0.075
4597, 0.075
9211, 0.075
438, 0.07
1670, 0.07
2221, 0.07
2223, 0.07
2326, 0.07
2353, 0.07
2869, 0.07
3495, 0.07
3509, 0.07
3527, 0.07
3650, 0.07
4105, 0.07
4237, 0.07
6036, 0.07
6068, 0.07
8958, 0.07
8976, 0.07
9120, 0.07
9135, 0.07
9173, 0.07
9177, 0.07
9328, 0.07
477, 0.07
548, 0.07
986, 0.07
1088, 0.07
1090, 0.07
1174, 0.07
1860, 0.07
3457, 0.07
3605, 0.07
3820, 0.07
4434, 0.07
516, 0.065
606, 0.065
642, 0.065
676, 0.065
1231, 0.065
1262, 0.065
1296, 0.065
1302, 0.065
1612, 0.065
1839, 0.065
3898, 0.065
3908, 0.065
3931, 0.065
4024, 0.065
4295, 0.065
4301, 0.065
4499, 0.065
4619, 0.065
4760, 0.065
4976, 0.065
5109, 0.065
5122, 0.065
5580, 0.065
5594, 0.065
5788, 0.065
6141, 0.065
8744, 0.065
9258, 0.065
9302, 0.065
9369, 0.065
886, 0.065
1131, 0.065
1132, 0.065
2906, 0.065
5337, 0.065
170, 0.06
198, 0.06
888, 0.06
1053, 0.06
1622, 0.06
1741, 0.06
1794, 0.06
2970, 0.06
2977, 0.06
3113, 0.06
3135, 0.06
3566, 0.06
3617, 0.06
3816, 0.06
4014, 0.06
4550, 0.06
4601, 0.06
4615, 0.06
4687, 0.06
4688, 0.06
4742, 0.06
5002, 0.06
5014, 0.06
5138, 0.06
6181, 0.06
8776, 0.06
8779, 0.06
8821, 0.06
8884, 0.06
9059, 0.06
9064, 0.06
9290, 0.06
985, 0.06
1112, 0.06
2983, 0.06
3829, 0.06
9172, 0.06
510, 0.055
550, 0.055
578, 0.055
582, 0.055
615, 0.055
678, 0.055
724, 0.055
972, 0.055
976, 0.055
994, 0.055
1001, 0.055
1171, 0.055
1216, 0.055
1247, 0.055
1278, 0.055
1440, 0.055
1450, 0.055
1492, 0.055
1593, 0.055
1796, 0.055
2978, 0.055
2980, 0.055
3140, 0.055
3142, 0.055
3817, 0.055
3920, 0.055
4126, 0.055
4178, 0.055
4259, 0.055
4291, 0.055
4294, 0.055
4425, 0.055
4484, 0.055
4529, 0.055
4610, 0.055
4618, 0.055
4714, 0.055
5121, 0.055
5797, 0.055
6160, 0.055
8838, 0.055
8902, 0.055
8921, 0.055
8962, 0.055
8964, 0.055
9036, 0.055
9048, 0.055
9259, 0.055
498, 0.055
1113, 0.055
1478, 0.055
1541, 0.055
1542, 0.055
1858, 0.055
2281, 0.055
2988, 0.055
3246, 0.055
517, 0.05
590, 0.05
634, 0.05
717, 0.05
1344, 0.05
1372, 0.05
1494, 0.05
1497, 0.05
1559, 0.05
1791, 0.05
2214, 0.05
2998, 0.05
3145, 0.05
3378, 0.05
3487, 0.05
3549, 0.05
3844, 0.05
3869, 0.05
3927, 0.05
4209, 0.05
4348, 0.05
4381, 0.05
4465, 0.05
4485, 0.05
4506, 0.05
4535, 0.05
4540, 0.05
4580, 0.05
4592, 0.05
4723, 0.05
4755, 0.05
5131, 0.05
6033, 0.05
6214, 0.05
8792, 0.05
8842, 0.05
8882, 0.05
8897, 0.05
8926, 0.05
8932, 0.05
9033, 0.05
9060, 0.05
9130, 0.05
9184, 0.05
492, 0.05
555, 0.05
593, 0.05
1126, 0.05
1311, 0.05
2103, 0.05
3818, 0.05
4076, 0.05
4281, 0.05
4568, 0.05
3, 0.045
21, 0.045
193, 0.045
636, 0.045
638, 0.045
898, 0.045
908, 0.045
959, 0.045
1179, 0.045
1375, 0.045
1518, 0.045
2200, 0.045
2354, 0.045
3082, 0.045
3847, 0.045
3893, 0.045
4061, 0.045
4218, 0.045
4222, 0.045
4582, 0.045
4640, 0.045
4741, 0.045
5994, 0.045
8746, 0.045
8814, 0.045
8845, 0.045
8954, 0.045
9068, 0.045
9086, 0.045
9091, 0.045
9108, 0.045
521, 0.045
604, 0.045
1303, 0.045
1853, 0.045
2339, 0.045
3851, 0.045
608, 0.04
652, 0.04
1181, 0.04
1190, 0.04
1848, 0.04
3194, 0.04
4394, 0.04
4490, 0.04
4595, 0.04
5091, 0.04
5096, 0.04
6063, 0.04
8801, 0.04
8891, 0.04
8903, 0.04
9107, 0.04
907, 0.04
3821, 0.04
3835, 0.04
1067, 0.035
1364, 0.035
4718, 0.035
8969, 0.035
545, 0.035
5317, 0.03
