1232, 0.2370232056149777
3248, 0.22360679774997896
4610, 0.21466252583997983
3671, 0.20124611797498107
1280, 0.1923018460649819
4589, 0.1923018460649819
8732, 0.18782971010998234
1226, 0.1878297101099823
4198, 0.18335757415498277
206, 0.18335757415498274
3767, 0.18335757415498274
3244, 0.17888543819998318
1200, 0.1744133022449836
1245, 0.1744133022449836
8802, 0.1744133022449836
3146, 0.17441330224498358
586, 0.17441330224498358
24, 0.17441330224498358
1241, 0.169941166289984
1272, 0.169941166289984
8898, 0.169941166289984
9121, 0.169941166289984
1338, 0.16546903033498445
1005, 0.16546903033498445
8886, 0.16546903033498445
3595, 0.16099689437998488
9096, 0.16099689437998488
1269, 0.16099689437998485
8750, 0.16099689437998485
1235, 0.15652475842498528
8859, 0.15652475842498528
1621, 0.15652475842498526
5301, 0.15652475842498526
3132, 0.15652475842498526
1279, 0.15652475842498526
3680, 0.15652475842498526
1291, 0.1520526224699857
3245, 0.1520526224699857
3138, 0.14758048651498612
1228, 0.14758048651498612
3251, 0.14758048651498612
3768, 0.14758048651498612
4528, 0.14310835055998655
3792, 0.14310835055998655
1127, 0.14310835055998655
2873, 0.14310835055998655
3252, 0.14310835055998655
3133, 0.13863621460498696
9050, 0.13863621460498696
211, 0.1341640786499874
1542, 0.1341640786499874
2891, 0.1341640786499874
9038, 0.1341640786499874
2335, 0.13416407864998736
3860, 0.13416407864998736
4688, 0.13416407864998736
1262, 0.1296919426949878
2890, 0.1296919426949878
3246, 0.1296919426949878
3599, 0.12521980673998823
3652, 0.12521980673998823
4751, 0.12521980673998823
194, 0.12521980673998823
1213, 0.12521980673998823
2872, 0.12521980673998823
2876, 0.12521980673998823
8769, 0.12521980673998823
1434, 0.12074767078498866
1229, 0.12074767078498866
1274, 0.12074767078498866
1295, 0.12074767078498866
8917, 0.12074767078498866
9186, 0.12074767078498866
4353, 0.12074767078498864
4637, 0.12074767078498864
8884, 0.12074767078498863
4563, 0.11627553482998906
1555, 0.11627553482998906
4570, 0.11627553482998906
2880, 0.11627553482998906
8827, 0.11627553482998906
8831, 0.11627553482998906
9039, 0.11627553482998906
9137, 0.11627553482998906
1256, 0.1118033988749895
8760, 0.1118033988749895
4764, 0.11180339887498948
9159, 0.11180339887498948
4696, 0.11180339887498948
8752, 0.11180339887498947
9184, 0.11180339887498947
1266, 0.1073312629199899
1246, 0.1073312629199899
1251, 0.1073312629199899
2290, 0.1073312629199899
3247, 0.1073312629199899
9056, 0.1073312629199899
1297, 0.1073312629199899
3256, 0.10285912696499033
3592, 0.10285912696499033
1209, 0.10285912696499033
2884, 0.10285912696499033
8931, 0.10285912696499033
8961, 0.10285912696499033
4534, 0.09838699100999075
4541, 0.09838699100999075
4542, 0.09838699100999075
647, 0.09838699100999075
1016, 0.09838699100999075
4099, 0.09838699100999075
4391, 0.09838699100999075
1020, 0.09838699100999075
1211, 0.09838699100999075
4672, 0.09838699100999075
4595, 0.09838699100999074
909, 0.09391485505499117
1565, 0.09391485505499117
8825, 0.09391485505499117
8920, 0.09391485505499117
2365, 0.09391485505499116
9163, 0.09391485505499116
1298, 0.09391485505499116
1469, 0.09391485505499116
3321, 0.09391485505499116
4516, 0.08944271909999159
4590, 0.08944271909999159
1545, 0.08944271909999159
3459, 0.08944271909999159
4082, 0.08944271909999159
4280, 0.08944271909999159
905, 0.08944271909999159
2881, 0.08944271909999159
3457, 0.08944271909999159
3817, 0.08944271909999159
4335, 0.08944271909999159
4549, 0.08944271909999159
8792, 0.08944271909999159
9007, 0.08944271909999159
176, 0.08944271909999159
198, 0.08944271909999159
1222, 0.08944271909999159
8899, 0.08944271909999159
602, 0.084970583144992
2218, 0.084970583144992
4593, 0.084970583144992
4767, 0.084970583144992
9178, 0.084970583144992
1684, 0.084970583144992
2892, 0.084970583144992
2893, 0.084970583144992
4525, 0.08049844718999243
4527, 0.08049844718999243
4529, 0.08049844718999243
4530, 0.08049844718999243
1546, 0.08049844718999243
2223, 0.08049844718999243
4607, 0.08049844718999243
4092, 0.08049844718999243
4611, 0.08049844718999243
8845, 0.08049844718999243
8897, 0.08049844718999243
8937, 0.08049844718999243
171, 0.08049844718999243
2874, 0.08049844718999243
8737, 0.08049844718999243
8862, 0.08049844718999243
596, 0.07602631123499286
4537, 0.07602631123499286
4561, 0.07602631123499286
4602, 0.07602631123499286
1435, 0.07602631123499286
1552, 0.07602631123499286
1563, 0.07602631123499286
4113, 0.07602631123499286
2334, 0.07602631123499286
2895, 0.07602631123499286
4544, 0.07602631123499286
9101, 0.07602631123499286
9180, 0.07602631123499286
192, 0.07602631123499286
1293, 0.07602631123499286
8731, 0.07602631123499286
8826, 0.07602631123499286
8900, 0.07602631123499286
4518, 0.07155417527999328
4535, 0.07155417527999328
4559, 0.07155417527999328
4574, 0.07155417527999328
525, 0.07155417527999328
1556, 0.07155417527999328
3889, 0.07155417527999328
4750, 0.07155417527999328
1606, 0.07155417527999328
3135, 0.07155417527999328
4300, 0.07155417527999328
4614, 0.07155417527999328
4744, 0.07155417527999328
5319, 0.07155417527999328
197, 0.07155417527999328
1095, 0.07155417527999328
1205, 0.07155417527999328
1243, 0.07155417527999328
2351, 0.07155417527999328
8818, 0.07155417527999328
345, 0.07155417527999328
4040, 0.07155417527999328
552, 0.06708203932499368
1133, 0.06708203932499368
4456, 0.06708203932499368
4575, 0.06708203932499368
2352, 0.06708203932499368
4597, 0.06708203932499368
4759, 0.06708203932499368
575, 0.06708203932499368
1216, 0.06708203932499368
1225, 0.06708203932499368
1257, 0.06708203932499368
1689, 0.06708203932499368
1751, 0.06708203932499368
3648, 0.06708203932499368
4238, 0.06708203932499368
6168, 0.06708203932499368
8904, 0.06708203932499368
9093, 0.06708203932499368
166, 0.06708203932499368
170, 0.06708203932499368
179, 0.06708203932499368
1289, 0.06708203932499368
2878, 0.06708203932499368
8777, 0.06708203932499368
8832, 0.06708203932499368
8919, 0.06708203932499368
3331, 0.06708203932499368
958, 0.06260990336999411
4510, 0.06260990336999411
4522, 0.06260990336999411
9330, 0.06260990336999411
439, 0.06260990336999411
1561, 0.06260990336999411
2220, 0.06260990336999411
3114, 0.06260990336999411
3117, 0.06260990336999411
3139, 0.06260990336999411
4618, 0.06260990336999411
164, 0.06260990336999411
897, 0.06260990336999411
1088, 0.06260990336999411
1860, 0.06260990336999411
2284, 0.06260990336999411
2997, 0.06260990336999411
5327, 0.06260990336999411
8957, 0.06260990336999411
9023, 0.06260990336999411
9120, 0.06260990336999411
9148, 0.06260990336999411
173, 0.06260990336999411
546, 0.06260990336999411
1223, 0.06260990336999411
1263, 0.06260990336999411
1287, 0.06260990336999411
1294, 0.06260990336999411
3591, 0.06260990336999411
8762, 0.06260990336999411
9081, 0.06260990336999411
1525, 0.06260990336999411
3307, 0.06260990336999411
4070, 0.06260990336999411
4265, 0.06260990336999411
4700, 0.06260990336999411
608, 0.05813776741499453
2216, 0.05813776741499453
2224, 0.05813776741499453
4513, 0.05813776741499453
4523, 0.05813776741499453
4558, 0.05813776741499453
4564, 0.05813776741499453
4619, 0.05813776741499453
337, 0.05813776741499453
543, 0.05813776741499453
584, 0.05813776741499453
1028, 0.05813776741499453
1312, 0.05813776741499453
1549, 0.05813776741499453
1566, 0.05813776741499453
3145, 0.05813776741499453
472, 0.05813776741499453
3880, 0.05813776741499453
5800, 0.05813776741499453
6021, 0.05813776741499453
6055, 0.05813776741499453
8798, 0.05813776741499453
8811, 0.05813776741499453
9138, 0.05813776741499453
1244, 0.05813776741499453
1284, 0.05813776741499453
1299, 0.05813776741499453
2324, 0.05813776741499453
2875, 0.05813776741499453
4193, 0.05813776741499453
8851, 0.05813776741499453
8873, 0.05813776741499453
8909, 0.05813776741499453
8925, 0.05813776741499453
9130, 0.05813776741499453
9132, 0.05813776741499453
9151, 0.05813776741499453
4048, 0.05813776741499453
4289, 0.05813776741499453
4361, 0.05813776741499453
549, 0.05366563145999495
559, 0.05366563145999495
1188, 0.05366563145999495
1634, 0.05366563145999495
1795, 0.05366563145999495
4517, 0.05366563145999495
4560, 0.05366563145999495
4616, 0.05366563145999495
479, 0.05366563145999495
1053, 0.05366563145999495
1553, 0.05366563145999495
2883, 0.05366563145999495
3121, 0.05366563145999495
3482, 0.05366563145999495
4086, 0.05366563145999495
4606, 0.05366563145999495
4950, 0.05366563145999495
649, 0.05366563145999495
1186, 0.05366563145999495
1202, 0.05366563145999495
1623, 0.05366563145999495
3250, 0.05366563145999495
3529, 0.05366563145999495
3559, 0.05366563145999495
3859, 0.05366563145999495
4490, 0.05366563145999495
4596, 0.05366563145999495
9008, 0.05366563145999495
9166, 0.05366563145999495
1250, 0.05366563145999495
2888, 0.05366563145999495
3130, 0.05366563145999495
3659, 0.05366563145999495
8861, 0.05366563145999495
8885, 0.05366563145999495
9057, 0.05366563145999495
9111, 0.05366563145999495
9156, 0.05366563145999495
982, 0.05366563145999495
1792, 0.05366563145999495
1799, 0.05366563145999495
4406, 0.05366563145999495
4437, 0.05366563145999495
4670, 0.05366563145999495
4709, 0.05366563145999495
4731, 0.05366563145999495
495, 0.049193495504995376
957, 0.049193495504995376
1057, 0.049193495504995376
1400, 0.049193495504995376
2960, 0.049193495504995376
4519, 0.049193495504995376
4584, 0.049193495504995376
4585, 0.049193495504995376
9326, 0.049193495504995376
527, 0.049193495504995376
1001, 0.049193495504995376
1547, 0.049193495504995376
1560, 0.049193495504995376
1718, 0.049193495504995376
3149, 0.049193495504995376
558, 0.049193495504995376
893, 0.049193495504995376
1189, 0.049193495504995376
3894, 0.049193495504995376
4547, 0.049193495504995376
4776, 0.049193495504995376
5992, 0.049193495504995376
6003, 0.049193495504995376
8999, 0.049193495504995376
9036, 0.049193495504995376
218, 0.049193495504995376
578, 0.049193495504995376
1210, 0.049193495504995376
1278, 0.049193495504995376
1643, 0.049193495504995376
3249, 0.049193495504995376
3096, 0.049193495504995376
3815, 0.049193495504995376
4064, 0.049193495504995376
4079, 0.049193495504995376
4094, 0.049193495504995376
4220, 0.049193495504995376
4698, 0.049193495504995376
719, 0.044721359549995794
1426, 0.044721359549995794
1840, 0.044721359549995794
4512, 0.044721359549995794
4526, 0.044721359549995794
4539, 0.044721359549995794
4599, 0.044721359549995794
4617, 0.044721359549995794
7, 0.044721359549995794
476, 0.044721359549995794
1183, 0.044721359549995794
1344, 0.044721359549995794
1581, 0.044721359549995794
3259, 0.044721359549995794
3903, 0.044721359549995794
1230, 0.044721359549995794
1527, 0.044721359549995794
1536, 0.044721359549995794
1812, 0.044721359549995794
2096, 0.044721359549995794
2366, 0.044721359549995794
4347, 0.044721359549995794
4592, 0.044721359549995794
4995, 0.044721359549995794
5586, 0.044721359549995794
8837, 0.044721359549995794
204, 0.044721359549995794
207, 0.044721359549995794
217, 0.044721359549995794
1242, 0.044721359549995794
1844, 0.044721359549995794
5990, 0.044721359549995794
8765, 0.044721359549995794
8766, 0.044721359549995794
9006, 0.044721359549995794
9047, 0.044721359549995794
1013, 0.044721359549995794
1503, 0.044721359549995794
1720, 0.044721359549995794
4465, 0.044721359549995794
4668, 0.044721359549995794
5131, 0.044721359549995794
5150, 0.044721359549995794
604, 0.04024922359499621
4469, 0.04024922359499621
4472, 0.04024922359499621
4499, 0.04024922359499621
4515, 0.04024922359499621
4608, 0.04024922359499621
4612, 0.04024922359499621
1214, 0.04024922359499621
2882, 0.04024922359499621
4685, 0.04024922359499621
213, 0.04024922359499621
485, 0.04024922359499621
908, 0.04024922359499621
974, 0.04024922359499621
1163, 0.04024922359499621
3136, 0.04024922359499621
3288, 0.04024922359499621
3893, 0.04024922359499621
4041, 0.04024922359499621
4107, 0.04024922359499621
4636, 0.04024922359499621
4691, 0.04024922359499621
5801, 0.04024922359499621
6015, 0.04024922359499621
8736, 0.04024922359499621
9058, 0.04024922359499621
9115, 0.04024922359499621
2208, 0.04024922359499621
8783, 0.04024922359499621
8883, 0.04024922359499621
9127, 0.04024922359499621
641, 0.04024922359499621
1052, 0.04024922359499621
3124, 0.04024922359499621
4125, 0.04024922359499621
4151, 0.04024922359499621
4745, 0.04024922359499621
5029, 0.04024922359499621
9052, 0.04024922359499621
903, 0.03577708763999664
3832, 0.03577708763999664
4492, 0.03577708763999664
4620, 0.03577708763999664
1398, 0.03577708763999664
4632, 0.03577708763999664
591, 0.03577708763999664
1715, 0.03577708763999664
3821, 0.03577708763999664
4279, 0.03577708763999664
9005, 0.03577708763999664
4701, 0.03577708763999664
8823, 0.03577708763999664
9049, 0.03577708763999664
1066, 0.03577708763999664
4736, 0.03577708763999664
