538, 0.20500000000000002
1215, 0.20500000000000002
2849, 0.205
1277, 0.19
2265, 0.185
2837, 0.185
4687, 0.175
161, 0.17
539, 0.16999999999999998
578, 0.165
559, 0.16499999999999998
2227, 0.16
3631, 0.16
529, 0.15500000000000003
4302, 0.155
4386, 0.14500000000000002
544, 0.145
1283, 0.14
3510, 0.14
3778, 0.14
4392, 0.14
519, 0.135
561, 0.135
2878, 0.135
8779, 0.135
9127, 0.135
670, 0.13
2835, 0.13
4384, 0.13
1212, 0.125
3336, 0.125
9131, 0.125
3666, 0.125
1282, 0.12
1342, 0.12
4306, 0.12
3892, 0.12
4246, 0.12
191, 0.115
195, 0.115
668, 0.115
1237, 0.115
4395, 0.115
202, 0.11
542, 0.11
548, 0.11
1255, 0.11
2223, 0.11
4351, 0.11
1017, 0.11
4198, 0.11
9046, 0.11
4268, 0.11
588, 0.105
1253, 0.105
2871, 0.105
3247, 0.105
9111, 0.105
576, 0.105
526, 0.1
669, 0.1
1233, 0.1
1252, 0.1
1299, 0.1
3299, 0.1
4684, 0.1
8762, 0.1
4224, 0.1
8842, 0.1
9109, 0.1
200, 0.095
547, 0.095
568, 0.095
1200, 0.095
1227, 0.095
1297, 0.095
3292, 0.095
3474, 0.095
4266, 0.095
4693, 0.095
8873, 0.095
8900, 0.095
3268, 0.095
3533, 0.095
607, 0.095
205, 0.09
217, 0.09
218, 0.09
537, 0.09
1226, 0.09
1263, 0.09
1293, 0.09
1335, 0.09
1336, 0.09
1813, 0.09
3252, 0.09
3347, 0.09
4260, 0.09
4759, 0.09
8771, 0.09
8862, 0.09
3530, 0.09
4425, 0.09
461, 0.085
534, 0.085
1219, 0.085
1229, 0.085
1238, 0.085
1273, 0.085
1338, 0.085
1514, 0.085
3127, 0.085
4694, 0.085
8846, 0.085
8861, 0.085
492, 0.085
1034, 0.085
3000, 0.085
4447, 0.085
4749, 0.085
3886, 0.085
4083, 0.085
4370, 0.085
4591, 0.085
9204, 0.085
2989, 0.085
2990, 0.085
3193, 0.085
4, 0.08
210, 0.08
546, 0.08
549, 0.08
552, 0.08
1250, 0.08
1275, 0.08
3125, 0.08
3250, 0.08
3321, 0.08
3361, 0.08
4267, 0.08
4279, 0.08
4383, 0.08
4399, 0.08
4585, 0.08
4586, 0.08
8750, 0.08
9081, 0.08
485, 0.08
1058, 0.08
3076, 0.08
3374, 0.08
4104, 0.08
4951, 0.08
1508, 0.08
3356, 0.08
4117, 0.08
4572, 0.08
4580, 0.08
463, 0.08
2979, 0.08
3016, 0.08
523, 0.075
551, 0.075
1298, 0.075
1807, 0.075
4549, 0.075
4696, 0.075
8885, 0.075
8899, 0.075
8919, 0.075
9006, 0.075
9132, 0.075
9179, 0.075
517, 0.075
628, 0.075
1723, 0.075
3197, 0.075
4236, 0.075
4703, 0.075
6076, 0.075
3287, 0.075
3303, 0.075
522, 0.07
541, 0.07
922, 0.07
1264, 0.07
1266, 0.07
1684, 0.07
2221, 0.07
3324, 0.07
3884, 0.07
4388, 0.07
8886, 0.07
9053, 0.07
1361, 0.07
1363, 0.07
1631, 0.07
1815, 0.07
3010, 0.07
3488, 0.07
3651, 0.07
4284, 0.07
613, 0.07
712, 0.07
4087, 0.07
8906, 0.07
9042, 0.07
9330, 0.07
2958, 0.07
2997, 0.07
3461, 0.07
4389, 0.07
165, 0.065
1205, 0.065
2216, 0.065
4381, 0.065
8798, 0.065
8887, 0.065
8917, 0.065
8925, 0.065
9102, 0.065
9151, 0.065
684, 0.065
2971, 0.065
3500, 0.065
5025, 0.065
5319, 0.065
6215, 0.065
9105, 0.065
14, 0.065
3314, 0.065
3552, 0.065
4066, 0.065
4204, 0.065
4760, 0.065
8870, 0.065
8996, 0.065
9150, 0.065
555, 0.065
2991, 0.065
4350, 0.065
4394, 0.065
459, 0.06
1208, 0.06
1232, 0.06
1242, 0.06
1269, 0.06
1287, 0.06
1379, 0.06
3113, 0.06
3124, 0.06
3245, 0.06
3315, 0.06
3860, 0.06
4331, 0.06
4688, 0.06
4767, 0.06
8736, 0.06
8765, 0.06
8826, 0.06
648, 0.06
1063, 0.06
1198, 0.06
1308, 0.06
1470, 0.06
1627, 0.06
1716, 0.06
1721, 0.06
3482, 0.06
3491, 0.06
3529, 0.06
5215, 0.06
8912, 0.06
9122, 0.06
982, 0.06
2230, 0.06
3351, 0.06
2981, 0.06
3099, 0.06
4387, 0.06
190, 0.055
458, 0.055
690, 0.055
1259, 0.055
1655, 0.055
2876, 0.055
3111, 0.055
3126, 0.055
3142, 0.055
4270, 0.055
4529, 0.055
4584, 0.055
4692, 0.055
8832, 0.055
8930, 0.055
454, 0.055
490, 0.055
1090, 0.055
1352, 0.055
1437, 0.055
1630, 0.055
3017, 0.055
3352, 0.055
3486, 0.055
3494, 0.055
3534, 0.055
3589, 0.055
3625, 0.055
4316, 0.055
4422, 0.055
8958, 0.055
8999, 0.055
9173, 0.055
2327, 0.055
4398, 0.055
4566, 0.055
4700, 0.055
8780, 0.055
2908, 0.055
3008, 0.055
194, 0.05
211, 0.05
562, 0.05
1230, 0.05
1258, 0.05
1262, 0.05
1279, 0.05
1295, 0.05
1296, 0.05
1398, 0.05
1503, 0.05
2877, 0.05
3818, 0.05
8752, 0.05
8766, 0.05
8851, 0.05
8909, 0.05
9162, 0.05
1064, 0.05
1194, 0.05
1257, 0.05
2205, 0.05
3564, 0.05
3932, 0.05
4490, 0.05
4750, 0.05
9022, 0.05
9057, 0.05
579, 0.05
1181, 0.05
1394, 0.05
1846, 0.05
3480, 0.05
4296, 0.05
4619, 0.05
8936, 0.05
9197, 0.05
9203, 0.05
1026, 0.05
1183, 0.05
2992, 0.05
604, 0.045
919, 0.045
1209, 0.045
1251, 0.045
1280, 0.045
2358, 0.045
2885, 0.045
8883, 0.045
8920, 0.045
8944, 0.045
453, 0.045
1037, 0.045
1054, 0.045
4330, 0.045
4715, 0.045
9108, 0.045
9147, 0.045
1179, 0.045
1445, 0.045
1594, 0.045
1801, 0.045
8759, 0.045
8808, 0.045
8854, 0.045
9196, 0.045
4278, 0.045
1848, 0.04
1195, 0.04
1476, 0.04
1625, 0.04
3562, 0.04
4352, 0.04
4567, 0.04
4720, 0.04
4723, 0.04
4731, 0.04
5096, 0.04
9049, 0.04
1406, 0.04
2340, 0.04
4358, 0.04
8805, 0.04
8903, 0.04
4743, 0.04
4758, 0.04
1067, 0.035
545, 0.035
