3623, 0.25
3773, 0.225
923, 0.205
3700, 0.19
8847, 0.19
4324, 0.155
4617, 0.14
4618, 0.125
4293, 0.115
8728, 0.11
9054, 0.11
3537, 0.105
4068, 0.105
4188, 0.105
4619, 0.1
1219, 0.1
1639, 0.1
3475, 0.1
3561, 0.1
3864, 0.1
494, 0.095
1689, 0.095
4225, 0.095
4403, 0.095
8806, 0.095
9015, 0.095
9095, 0.095
22, 0.09
171, 0.09
706, 0.09
4200, 0.09
5642, 0.09
5767, 0.09
8868, 0.09
9013, 0.09
1004, 0.085
2224, 0.085
3289, 0.085
4402, 0.085
6041, 0.085
8945, 0.085
9104, 0.085
3473, 0.08
3539, 0.08
3548, 0.08
3593, 0.08
4187, 0.08
4272, 0.08
4310, 0.08
4354, 0.08
4406, 0.08
4666, 0.08
5266, 0.08
8927, 0.08
8933, 0.08
9018, 0.08
9055, 0.08
9073, 0.08
9138, 0.08
9297, 0.08
2218, 0.075
163, 0.075
203, 0.075
446, 0.075
950, 0.075
1003, 0.075
1648, 0.075
2199, 0.075
3540, 0.075
4028, 0.075
4371, 0.075
4426, 0.075
4432, 0.075
4546, 0.075
4568, 0.075
4690, 0.075
8795, 0.075
9364, 0.075
470, 0.07
509, 0.07
711, 0.07
974, 0.07
1227, 0.07
1243, 0.07
1445, 0.07
2205, 0.07
3485, 0.07
3497, 0.07
3902, 0.07
4209, 0.07
4284, 0.07
9003, 0.07
9022, 0.07
9025, 0.07
9034, 0.07
9077, 0.07
9114, 0.07
9142, 0.07
9357, 0.07
209, 0.065
532, 0.065
886, 0.065
960, 0.065
1427, 0.065
1551, 0.065
1570, 0.065
3443, 0.065
3549, 0.065
3615, 0.065
3815, 0.065
4080, 0.065
4084, 0.065
4095, 0.065
4447, 0.065
4564, 0.065
4609, 0.065
4629, 0.065
8895, 0.065
9029, 0.065
9154, 0.065
210, 0.06
445, 0.06
479, 0.06
610, 0.06
1321, 0.06
1577, 0.06
2276, 0.06
2887, 0.06
3085, 0.06
3087, 0.06
3492, 0.06
3519, 0.06
3586, 0.06
3596, 0.06
4214, 0.06
4224, 0.06
4292, 0.06
4303, 0.06
4309, 0.06
4332, 0.06
4383, 0.06
4416, 0.06
4497, 0.06
4508, 0.06
4577, 0.06
4950, 0.06
5027, 0.06
6104, 0.06
8743, 0.06
8817, 0.06
8860, 0.06
8978, 0.06
9014, 0.06
9056, 0.06
9146, 0.06
443, 0.055
541, 0.055
973, 0.055
1466, 0.055
1626, 0.055
2252, 0.055
2882, 0.055
3095, 0.055
3496, 0.055
3500, 0.055
3527, 0.055
4036, 0.055
4179, 0.055
4202, 0.055
4235, 0.055
4267, 0.055
4287, 0.055
4300, 0.055
4314, 0.055
4316, 0.055
4370, 0.055
4374, 0.055
4398, 0.055
4545, 0.055
4547, 0.055
4573, 0.055
4693, 0.055
4698, 0.055
5121, 0.055
5136, 0.055
6032, 0.055
6096, 0.055
8737, 0.055
8745, 0.055
8786, 0.055
8876, 0.055
9092, 0.055
9186, 0.055
2, 0.05
457, 0.05
476, 0.05
492, 0.05
605, 0.05
884, 0.05
1032, 0.05
1212, 0.05
1270, 0.05
1296, 0.05
1416, 0.05
3643, 0.05
3900, 0.05
4211, 0.05
4348, 0.05
4492, 0.05
4535, 0.05
4553, 0.05
4567, 0.05
4579, 0.05
4591, 0.05
4751, 0.05
4994, 0.05
5126, 0.05
5131, 0.05
5150, 0.05
5290, 0.05
8799, 0.05
8993, 0.05
9060, 0.05
9079, 0.05
9099, 0.05
9130, 0.05
9132, 0.05
508, 0.045
569, 0.045
653, 0.045
704, 0.045
1166, 0.045
1275, 0.045
1293, 0.045
1464, 0.045
1544, 0.045
1571, 0.045
2327, 0.045
3557, 0.045
3887, 0.045
4219, 0.045
4234, 0.045
4382, 0.045
4491, 0.045
4499, 0.045
4500, 0.045
4548, 0.045
4562, 0.045
4598, 0.045
4695, 0.045
4757, 0.045
8808, 0.045
8875, 0.045
8954, 0.045
9024, 0.045
9066, 0.045
9082, 0.045
9115, 0.045
9127, 0.045
9150, 0.045
181, 0.04
595, 0.04
621, 0.04
3830, 0.04
4213, 0.04
4315, 0.04
4490, 0.04
4523, 0.04
4569, 0.04
4632, 0.04
8992, 0.04
9049, 0.04
9118, 0.04
4622, 0.035
