9061, 0.2772724292099739
3710, 0.20124611797498107
8728, 0.1744133022449836
1988, 0.169941166289984
9054, 0.15205262246998572
646, 0.1520526224699857
3571, 0.14758048651498612
3685, 0.14758048651498612
1477, 0.14758048651498612
3664, 0.14310835055998655
3748, 0.13863621460498696
9144, 0.13863621460498696
3560, 0.13416407864998736
3725, 0.13416407864998736
8833, 0.1296919426949878
3694, 0.12521980673998823
4527, 0.12521980673998823
9136, 0.12521980673998823
1557, 0.12074767078498866
3496, 0.12074767078498866
503, 0.11627553482998906
593, 0.11627553482998906
3747, 0.11627553482998906
8869, 0.11627553482998906
2326, 0.1118033988749895
4421, 0.1118033988749895
9256, 0.1118033988749895
3666, 0.11180339887498948
945, 0.11180339887498947
1631, 0.1073312629199899
2900, 0.1073312629199899
3259, 0.1073312629199899
4535, 0.1073312629199899
8915, 0.1073312629199899
9143, 0.1073312629199899
1136, 0.1073312629199899
1841, 0.1073312629199899
908, 0.10285912696499033
1066, 0.10285912696499033
1365, 0.10285912696499033
1498, 0.10285912696499033
2894, 0.10285912696499033
5771, 0.10285912696499033
8914, 0.10285912696499033
9125, 0.10285912696499033
490, 0.09838699100999075
1189, 0.09838699100999075
1192, 0.09838699100999075
3494, 0.09838699100999075
4196, 0.09838699100999075
4354, 0.09838699100999075
4575, 0.09838699100999075
8999, 0.09838699100999075
4238, 0.09838699100999075
4221, 0.09838699100999074
4373, 0.09838699100999074
8954, 0.09391485505499117
4482, 0.09391485505499116
4150, 0.09391485505499116
1181, 0.08944271909999159
1508, 0.08944271909999159
2115, 0.08944271909999159
3555, 0.08944271909999159
4389, 0.08944271909999159
8741, 0.08944271909999159
8754, 0.08944271909999159
9043, 0.08944271909999159
9216, 0.08944271909999159
9272, 0.08944271909999159
8827, 0.08944271909999159
1020, 0.084970583144992
1282, 0.084970583144992
1800, 0.084970583144992
2956, 0.084970583144992
2991, 0.084970583144992
4244, 0.084970583144992
8916, 0.084970583144992
9093, 0.084970583144992
8, 0.08049844718999243
449, 0.08049844718999243
463, 0.08049844718999243
1175, 0.08049844718999243
1746, 0.08049844718999243
3557, 0.08049844718999243
3568, 0.08049844718999243
3591, 0.08049844718999243
4188, 0.08049844718999243
4345, 0.08049844718999243
4520, 0.08049844718999243
4525, 0.08049844718999243
4684, 0.08049844718999243
5632, 0.08049844718999243
8761, 0.08049844718999243
8797, 0.08049844718999243
9135, 0.08049844718999243
9174, 0.08049844718999243
9253, 0.08049844718999243
1388, 0.08049844718999243
5213, 0.08049844718999243
9023, 0.08049844718999243
8775, 0.07602631123499286
612, 0.07602631123499286
1188, 0.07602631123499286
1435, 0.07602631123499286
2286, 0.07602631123499286
2990, 0.07602631123499286
3005, 0.07602631123499286
3201, 0.07602631123499286
3289, 0.07602631123499286
3578, 0.07602631123499286
3890, 0.07602631123499286
4219, 0.07602631123499286
6038, 0.07602631123499286
8878, 0.07602631123499286
8990, 0.07602631123499286
9027, 0.07602631123499286
9168, 0.07602631123499286
1132, 0.07602631123499286
3520, 0.07602631123499286
3643, 0.07602631123499286
4068, 0.07602631123499286
4257, 0.07602631123499286
5780, 0.07602631123499286
9124, 0.07602631123499286
13, 0.07155417527999328
499, 0.07155417527999328
504, 0.07155417527999328
600, 0.07155417527999328
615, 0.07155417527999328
1058, 0.07155417527999328
1235, 0.07155417527999328
1649, 0.07155417527999328
1716, 0.07155417527999328
1848, 0.07155417527999328
2201, 0.07155417527999328
2203, 0.07155417527999328
2972, 0.07155417527999328
3189, 0.07155417527999328
3284, 0.07155417527999328
3345, 0.07155417527999328
3821, 0.07155417527999328
4067, 0.07155417527999328
4279, 0.07155417527999328
4415, 0.07155417527999328
4429, 0.07155417527999328
4572, 0.07155417527999328
1418, 0.07155417527999328
1816, 0.07155417527999328
2690, 0.07155417527999328
3253, 0.07155417527999328
4209, 0.07155417527999328
4293, 0.07155417527999328
5250, 0.07155417527999328
8973, 0.07155417527999328
206, 0.06708203932499368
586, 0.06708203932499368
611, 0.06708203932499368
993, 0.06708203932499368
1082, 0.06708203932499368
1213, 0.06708203932499368
1222, 0.06708203932499368
1246, 0.06708203932499368
1304, 0.06708203932499368
1404, 0.06708203932499368
1415, 0.06708203932499368
1484, 0.06708203932499368
1615, 0.06708203932499368
1689, 0.06708203932499368
1807, 0.06708203932499368
2335, 0.06708203932499368
2961, 0.06708203932499368
3522, 0.06708203932499368
3852, 0.06708203932499368
3892, 0.06708203932499368
3907, 0.06708203932499368
4371, 0.06708203932499368
4448, 0.06708203932499368
4497, 0.06708203932499368
4539, 0.06708203932499368
6011, 0.06708203932499368
6018, 0.06708203932499368
6168, 0.06708203932499368
8776, 0.06708203932499368
8782, 0.06708203932499368
9031, 0.06708203932499368
9037, 0.06708203932499368
9257, 0.06708203932499368
9289, 0.06708203932499368
1333, 0.06708203932499368
3601, 0.06708203932499368
4077, 0.06708203932499368
4696, 0.06708203932499368
4786, 0.06708203932499368
5138, 0.06708203932499368
5956, 0.06708203932499368
6076, 0.06708203932499368
8974, 0.06708203932499368
9047, 0.06708203932499368
9191, 0.06708203932499368
443, 0.06260990336999411
482, 0.06260990336999411
492, 0.06260990336999411
523, 0.06260990336999411
613, 0.06260990336999411
1198, 0.06260990336999411
1467, 0.06260990336999411
1471, 0.06260990336999411
1608, 0.06260990336999411
1626, 0.06260990336999411
1687, 0.06260990336999411
1765, 0.06260990336999411
1838, 0.06260990336999411
2104, 0.06260990336999411
2197, 0.06260990336999411
2204, 0.06260990336999411
2997, 0.06260990336999411
3010, 0.06260990336999411
3374, 0.06260990336999411
3382, 0.06260990336999411
3487, 0.06260990336999411
3495, 0.06260990336999411
4272, 0.06260990336999411
4278, 0.06260990336999411
4284, 0.06260990336999411
4372, 0.06260990336999411
4422, 0.06260990336999411
4526, 0.06260990336999411
4557, 0.06260990336999411
4559, 0.06260990336999411
4622, 0.06260990336999411
5260, 0.06260990336999411
5767, 0.06260990336999411
8932, 0.06260990336999411
9101, 0.06260990336999411
9145, 0.06260990336999411
9287, 0.06260990336999411
546, 0.06260990336999411
909, 0.06260990336999411
1315, 0.06260990336999411
1357, 0.06260990336999411
1593, 0.06260990336999411
1686, 0.06260990336999411
3461, 0.06260990336999411
3554, 0.06260990336999411
3572, 0.06260990336999411
4105, 0.06260990336999411
4571, 0.06260990336999411
4739, 0.06260990336999411
4990, 0.06260990336999411
8774, 0.06260990336999411
8806, 0.06260990336999411
8967, 0.06260990336999411
8971, 0.06260990336999411
9032, 0.06260990336999411
9296, 0.06260990336999411
442, 0.05813776741499453
480, 0.05813776741499453
1008, 0.05813776741499453
1255, 0.05813776741499453
1297, 0.05813776741499453
1302, 0.05813776741499453
1303, 0.05813776741499453
1337, 0.05813776741499453
1478, 0.05813776741499453
1536, 0.05813776741499453
1558, 0.05813776741499453
1668, 0.05813776741499453
2209, 0.05813776741499453
2366, 0.05813776741499453
2904, 0.05813776741499453
2950, 0.05813776741499453
2973, 0.05813776741499453
2985, 0.05813776741499453
3148, 0.05813776741499453
3260, 0.05813776741499453
3483, 0.05813776741499453
4020, 0.05813776741499453
4155, 0.05813776741499453
4248, 0.05813776741499453
4428, 0.05813776741499453
4456, 0.05813776741499453
4466, 0.05813776741499453
4555, 0.05813776741499453
4562, 0.05813776741499453
4578, 0.05813776741499453
4617, 0.05813776741499453
4724, 0.05813776741499453
8798, 0.05813776741499453
8838, 0.05813776741499453
8862, 0.05813776741499453
9011, 0.05813776741499453
9154, 0.05813776741499453
9258, 0.05813776741499453
621, 0.05813776741499453
622, 0.05813776741499453
896, 0.05813776741499453
1040, 0.05813776741499453
1184, 0.05813776741499453
1200, 0.05813776741499453
1220, 0.05813776741499453
1241, 0.05813776741499453
1284, 0.05813776741499453
1324, 0.05813776741499453
1375, 0.05813776741499453
2227, 0.05813776741499453
3308, 0.05813776741499453
3310, 0.05813776741499453
4035, 0.05813776741499453
4256, 0.05813776741499453
4369, 0.05813776741499453
4376, 0.05813776741499453
4627, 0.05813776741499453
4697, 0.05813776741499453
5025, 0.05813776741499453
5109, 0.05813776741499453
8751, 0.05813776741499453
8895, 0.05813776741499453
8966, 0.05813776741499453
8972, 0.05813776741499453
9001, 0.05813776741499453
9150, 0.05813776741499453
9304, 0.05813776741499453
198, 0.05366563145999495
971, 0.05366563145999495
1170, 0.05366563145999495
1190, 0.05366563145999495
1292, 0.05366563145999495
1334, 0.05366563145999495
1389, 0.05366563145999495
1468, 0.05366563145999495
1728, 0.05366563145999495
2117, 0.05366563145999495
2230, 0.05366563145999495
2270, 0.05366563145999495
2367, 0.05366563145999495
2369, 0.05366563145999495
2901, 0.05366563145999495
2938, 0.05366563145999495
3113, 0.05366563145999495
3250, 0.05366563145999495
3617, 0.05366563145999495
4328, 0.05366563145999495
4344, 0.05366563145999495
4432, 0.05366563145999495
4436, 0.05366563145999495
4500, 0.05366563145999495
4523, 0.05366563145999495
4537, 0.05366563145999495
4577, 0.05366563145999495
4688, 0.05366563145999495
5127, 0.05366563145999495
8769, 0.05366563145999495
8795, 0.05366563145999495
8875, 0.05366563145999495
9083, 0.05366563145999495
9288, 0.05366563145999495
1112, 0.05366563145999495
1161, 0.05366563145999495
1179, 0.05366563145999495
1380, 0.05366563145999495
1382, 0.05366563145999495
1391, 0.05366563145999495
1661, 0.05366563145999495
1669, 0.05366563145999495
3085, 0.05366563145999495
3620, 0.05366563145999495
4033, 0.05366563145999495
4214, 0.05366563145999495
4223, 0.05366563145999495
4232, 0.05366563145999495
4292, 0.05366563145999495
4302, 0.05366563145999495
4424, 0.05366563145999495
4550, 0.05366563145999495
4590, 0.05366563145999495
5061, 0.05366563145999495
8736, 0.05366563145999495
8824, 0.05366563145999495
9293, 0.05366563145999495
9297, 0.05366563145999495
467, 0.049193495504995376
473, 0.049193495504995376
487, 0.049193495504995376
495, 0.049193495504995376
506, 0.049193495504995376
678, 0.049193495504995376
876, 0.049193495504995376
1025, 0.049193495504995376
1057, 0.049193495504995376
1059, 0.049193495504995376
1171, 0.049193495504995376
1204, 0.049193495504995376
1210, 0.049193495504995376
1245, 0.049193495504995376
1272, 0.049193495504995376
1294, 0.049193495504995376
1307, 0.049193495504995376
1364, 0.049193495504995376
1400, 0.049193495504995376
1449, 0.049193495504995376
1450, 0.049193495504995376
1482, 0.049193495504995376
1506, 0.049193495504995376
1543, 0.049193495504995376
1579, 0.049193495504995376
1630, 0.049193495504995376
1670, 0.049193495504995376
1788, 0.049193495504995376
2333, 0.049193495504995376
2871, 0.049193495504995376
2892, 0.049193495504995376
2893, 0.049193495504995376
2960, 0.049193495504995376
3153, 0.049193495504995376
3309, 0.049193495504995376
3485, 0.049193495504995376
3562, 0.049193495504995376
3647, 0.049193495504995376
4069, 0.049193495504995376
4177, 0.049193495504995376
4200, 0.049193495504995376
4270, 0.049193495504995376
4385, 0.049193495504995376
4478, 0.049193495504995376
4481, 0.049193495504995376
4517, 0.049193495504995376
4689, 0.049193495504995376
4693, 0.049193495504995376
4707, 0.049193495504995376
4727, 0.049193495504995376
5132, 0.049193495504995376
5955, 0.049193495504995376
6000, 0.049193495504995376
6003, 0.049193495504995376
6099, 0.049193495504995376
8955, 0.049193495504995376
8958, 0.049193495504995376
9002, 0.049193495504995376
9025, 0.049193495504995376
9035, 0.049193495504995376
9127, 0.049193495504995376
498, 0.049193495504995376
870, 0.049193495504995376
1012, 0.049193495504995376
1352, 0.049193495504995376
1440, 0.049193495504995376
1486, 0.049193495504995376
2282, 0.049193495504995376
2355, 0.049193495504995376
3140, 0.049193495504995376
3291, 0.049193495504995376
3383, 0.049193495504995376
3468, 0.049193495504995376
3500, 0.049193495504995376
3642, 0.049193495504995376
3650, 0.049193495504995376
4207, 0.049193495504995376
4220, 0.049193495504995376
4776, 0.049193495504995376
5697, 0.049193495504995376
6007, 0.049193495504995376
8771, 0.049193495504995376
8986, 0.049193495504995376
8992, 0.049193495504995376
9042, 0.049193495504995376
9048, 0.049193495504995376
9096, 0.049193495504995376
9121, 0.049193495504995376
9176, 0.049193495504995376
9291, 0.049193495504995376
9328, 0.049193495504995376
185, 0.044721359549995794
207, 0.044721359549995794
211, 0.044721359549995794
517, 0.044721359549995794
599, 0.044721359549995794
608, 0.044721359549995794
871, 0.044721359549995794
960, 0.044721359549995794
1260, 0.044721359549995794
1270, 0.044721359549995794
1309, 0.044721359549995794
1372, 0.044721359549995794
1409, 0.044721359549995794
1496, 0.044721359549995794
1497, 0.044721359549995794
1517, 0.044721359549995794
1555, 0.044721359549995794
1688, 0.044721359549995794
1724, 0.044721359549995794
1791, 0.044721359549995794
2998, 0.044721359549995794
3378, 0.044721359549995794
3507, 0.044721359549995794
3855, 0.044721359549995794
4122, 0.044721359549995794
4225, 0.044721359549995794
4390, 0.044721359549995794
4423, 0.044721359549995794
4433, 0.044721359549995794
4434, 0.044721359549995794
4464, 0.044721359549995794
4475, 0.044721359549995794
4488, 0.044721359549995794
4546, 0.044721359549995794
4552, 0.044721359549995794
4591, 0.044721359549995794
4599, 0.044721359549995794
4625, 0.044721359549995794
4704, 0.044721359549995794
4723, 0.044721359549995794
4760, 0.044721359549995794
4897, 0.044721359549995794
5131, 0.044721359549995794
8799, 0.044721359549995794
8936, 0.044721359549995794
8950, 0.044721359549995794
8993, 0.044721359549995794
9021, 0.044721359549995794
9057, 0.044721359549995794
9167, 0.044721359549995794
9203, 0.044721359549995794
201, 0.044721359549995794
634, 0.044721359549995794
906, 0.044721359549995794
1164, 0.044721359549995794
1248, 0.044721359549995794
1258, 0.044721359549995794
1344, 0.044721359549995794
1390, 0.044721359549995794
1519, 0.044721359549995794
1839, 0.044721359549995794
1846, 0.044721359549995794
2874, 0.044721359549995794
2979, 0.044721359549995794
3258, 0.044721359549995794
3510, 0.044721359549995794
3646, 0.044721359549995794
3859, 0.044721359549995794
3900, 0.044721359549995794
4287, 0.044721359549995794
4329, 0.044721359549995794
4361, 0.044721359549995794
4641, 0.044721359549995794
4901, 0.044721359549995794
5141, 0.044721359549995794
5290, 0.044721359549995794
6025, 0.044721359549995794
6141, 0.044721359549995794
8750, 0.044721359549995794
8809, 0.044721359549995794
8873, 0.044721359549995794
8917, 0.044721359549995794
8935, 0.044721359549995794
8996, 0.044721359549995794
9184, 0.044721359549995794
21, 0.04024922359499621
193, 0.04024922359499621
212, 0.04024922359499621
338, 0.04024922359499621
464, 0.04024922359499621
571, 0.04024922359499621
629, 0.04024922359499621
633, 0.04024922359499621
636, 0.04024922359499621
902, 0.04024922359499621
919, 0.04024922359499621
948, 0.04024922359499621
1037, 0.04024922359499621
1251, 0.04024922359499621
1305, 0.04024922359499621
1369, 0.04024922359499621
1445, 0.04024922359499621
1499, 0.04024922359499621
1528, 0.04024922359499621
1667, 0.04024922359499621
1723, 0.04024922359499621
2981, 0.04024922359499621
3111, 0.04024922359499621
3124, 0.04024922359499621
3251, 0.04024922359499621
4034, 0.04024922359499621
4054, 0.04024922359499621
4103, 0.04024922359499621
4276, 0.04024922359499621
4393, 0.04024922359499621
4515, 0.04024922359499621
4518, 0.04024922359499621
4538, 0.04024922359499621
4564, 0.04024922359499621
4565, 0.04024922359499621
4573, 0.04024922359499621
4574, 0.04024922359499621
4612, 0.04024922359499621
4698, 0.04024922359499621
4703, 0.04024922359499621
4741, 0.04024922359499621
4761, 0.04024922359499621
8757, 0.04024922359499621
8786, 0.04024922359499621
8845, 0.04024922359499621
8854, 0.04024922359499621
8874, 0.04024922359499621
8885, 0.04024922359499621
8906, 0.04024922359499621
8956, 0.04024922359499621
9024, 0.04024922359499621
9076, 0.04024922359499621
9115, 0.04024922359499621
9137, 0.04024922359499621
9369, 0.04024922359499621
213, 0.04024922359499621
451, 0.04024922359499621
561, 0.04024922359499621
643, 0.04024922359499621
713, 0.04024922359499621
898, 0.04024922359499621
1030, 0.04024922359499621
1035, 0.04024922359499621
1163, 0.04024922359499621
1203, 0.04024922359499621
1209, 0.04024922359499621
1594, 0.04024922359499621
2263, 0.04024922359499621
3649, 0.04024922359499621
3846, 0.04024922359499621
3879, 0.04024922359499621
4062, 0.04024922359499621
4297, 0.04024922359499621
4334, 0.04024922359499621
4598, 0.04024922359499621
4708, 0.04024922359499621
4778, 0.04024922359499621
5325, 0.04024922359499621
5981, 0.04024922359499621
8944, 0.04024922359499621
9046, 0.04024922359499621
9064, 0.04024922359499621
9068, 0.04024922359499621
9082, 0.04024922359499621
9086, 0.04024922359499621
9123, 0.04024922359499621
4, 0.03577708763999664
181, 0.03577708763999664
478, 0.03577708763999664
589, 0.03577708763999664
630, 0.03577708763999664
1195, 0.03577708763999664
1491, 0.03577708763999664
1629, 0.03577708763999664
2138, 0.03577708763999664
2207, 0.03577708763999664
2340, 0.03577708763999664
2936, 0.03577708763999664
2983, 0.03577708763999664
4216, 0.03577708763999664
4300, 0.03577708763999664
4534, 0.03577708763999664
4576, 0.03577708763999664
4709, 0.03577708763999664
4720, 0.03577708763999664
4729, 0.03577708763999664
4758, 0.03577708763999664
6063, 0.03577708763999664
8801, 0.03577708763999664
8891, 0.03577708763999664
8946, 0.03577708763999664
9159, 0.03577708763999664
9188, 0.03577708763999664
595, 0.03577708763999664
609, 0.03577708763999664
907, 0.03577708763999664
982, 0.03577708763999664
1321, 0.03577708763999664
1392, 0.03577708763999664
1413, 0.03577708763999664
3547, 0.03577708763999664
4298, 0.03577708763999664
4314, 0.03577708763999664
4394, 0.03577708763999664
4490, 0.03577708763999664
4692, 0.03577708763999664
4701, 0.03577708763999664
8903, 0.03577708763999664
9005, 0.03577708763999664
9014, 0.03577708763999664
9118, 0.03577708763999664
1064, 0.03130495168499706
4718, 0.03130495168499706
1319, 0.026832815729997475
