3293, 0.22000000000000003
1347, 0.205
3326, 0.205
3287, 0.195
1647, 0.19
8812, 0.19
9129, 0.19
688, 0.185
691, 0.185
8751, 0.185
208, 0.18
209, 0.18
2872, 0.16999999999999998
2834, 0.165
8836, 0.16499999999999998
1608, 0.16
1821, 0.16
11, 0.155
1200, 0.15000000000000002
1220, 0.15000000000000002
3317, 0.15000000000000002
8906, 0.15000000000000002
3297, 0.15000000000000002
693, 0.15
1236, 0.15
1817, 0.15
714, 0.15
8926, 0.14500000000000002
3311, 0.145
901, 0.14
953, 0.14
1264, 0.14
1294, 0.14
3250, 0.14
2858, 0.14
669, 0.135
1213, 0.135
8894, 0.135
1286, 0.13
2322, 0.13
3818, 0.13
3141, 0.125
8811, 0.125
8919, 0.125
8931, 0.125
9050, 0.125
9064, 0.125
2319, 0.125
2850, 0.125
192, 0.12000000000000001
1684, 0.12000000000000001
3151, 0.12000000000000001
902, 0.12
1747, 0.12
2883, 0.12
3464, 0.12
8769, 0.12
8831, 0.12
9058, 0.12
198, 0.12
1655, 0.12
21, 0.115
457, 0.115
590, 0.115
905, 0.115
1344, 0.115
5962, 0.115
8864, 0.115
1253, 0.115
2324, 0.115
3350, 0.115
680, 0.11000000000000001
218, 0.11
1274, 0.11
1368, 0.11
2339, 0.11
2877, 0.11
4110, 0.11
4126, 0.11
4241, 0.11
4491, 0.11
4768, 0.11
8746, 0.11
8760, 0.11
672, 0.11
715, 0.11
1270, 0.11
1850, 0.11
4257, 0.11
4306, 0.11
1275, 0.105
1383, 0.105
1795, 0.105
5221, 0.105
724, 0.105
1169, 0.105
1653, 0.105
1816, 0.105
1820, 0.105
3296, 0.105
9056, 0.105
211, 0.1
215, 0.1
217, 0.1
484, 0.1
1145, 0.1
1519, 0.1
8758, 0.1
8765, 0.1
191, 0.1
199, 0.1
201, 0.1
656, 0.1
682, 0.1
716, 0.1
1271, 0.1
1278, 0.1
1283, 0.1
1291, 0.1
1788, 0.1
2230, 0.1
2896, 0.1
3299, 0.1
3462, 0.1
8766, 0.1
8899, 0.1
8921, 0.1
4, 0.095
3347, 0.095
4101, 0.095
568, 0.095
645, 0.095
689, 0.095
721, 0.095
1255, 0.095
1282, 0.095
1808, 0.095
3115, 0.095
3120, 0.095
3607, 0.095
3843, 0.095
3854, 0.095
4668, 0.095
8798, 0.095
2974, 0.095
604, 0.09
706, 0.09
912, 0.09
1208, 0.09
1613, 0.09
3130, 0.09
8875, 0.09
9127, 0.09
19, 0.09
546, 0.09
679, 0.09
1207, 0.09
1217, 0.09
1391, 0.09
1796, 0.09
1851, 0.09
2205, 0.09
2361, 0.09
2371, 0.09
3457, 0.09
4220, 0.09
4776, 0.09
8852, 0.09
8996, 0.09
9101, 0.09
9147, 0.09
1237, 0.09
1513, 0.09
429, 0.085
675, 0.085
690, 0.085
1024, 0.085
2211, 0.085
3469, 0.085
8773, 0.085
9365, 0.085
6, 0.085
172, 0.085
175, 0.085
642, 0.085
1231, 0.085
1238, 0.085
1254, 0.085
1299, 0.085
1300, 0.085
1514, 0.085
1786, 0.085
1805, 0.085
1833, 0.085
2216, 0.085
2320, 0.085
2873, 0.085
3251, 0.085
3333, 0.085
3357, 0.085
8844, 0.085
8845, 0.085
8890, 0.085
8901, 0.085
8950, 0.085
8951, 0.085
8999, 0.085
9031, 0.085
1080, 0.085
40, 0.08
572, 0.08
658, 0.08
1295, 0.08
2222, 0.08
2350, 0.08
3437, 0.08
6023, 0.08
8810, 0.08
702, 0.08
703, 0.08
708, 0.08
1037, 0.08
1206, 0.08
1261, 0.08
1276, 0.08
1509, 0.08
3288, 0.08
3598, 0.08
4114, 0.08
4630, 0.08
4744, 0.08
8897, 0.08
9066, 0.08
9096, 0.08
9137, 0.08
210, 0.08
2868, 0.08
37, 0.075
202, 0.075
670, 0.075
681, 0.075
725, 0.075
977, 0.075
1003, 0.075
1072, 0.075
1226, 0.075
1423, 0.075
1500, 0.075
1554, 0.075
3340, 0.075
3348, 0.075
3354, 0.075
3459, 0.075
3907, 0.075
4194, 0.075
5326, 0.075
5782, 0.075
5856, 0.075
5860, 0.075
5956, 0.075
5965, 0.075
14, 0.075
18, 0.075
193, 0.075
686, 0.075
720, 0.075
908, 0.075
1204, 0.075
1245, 0.075
1257, 0.075
1267, 0.075
3144, 0.075
3315, 0.075
3833, 0.075
4333, 0.075
8791, 0.075
8907, 0.075
9039, 0.075
9086, 0.075
2891, 0.075
4236, 0.075
613, 0.07
694, 0.07
1223, 0.07
1292, 0.07
1364, 0.07
2106, 0.07
2233, 0.07
3252, 0.07
3313, 0.07
4096, 0.07
4579, 0.07
5302, 0.07
5327, 0.07
5964, 0.07
6045, 0.07
8725, 0.07
8752, 0.07
8806, 0.07
8834, 0.07
8861, 0.07
9108, 0.07
522, 0.07
678, 0.07
687, 0.07
704, 0.07
711, 0.07
712, 0.07
713, 0.07
909, 0.07
1243, 0.07
1287, 0.07
1290, 0.07
1361, 0.07
1842, 0.07
1852, 0.07
3111, 0.07
3114, 0.07
3122, 0.07
3337, 0.07
3510, 0.07
3518, 0.07
3859, 0.07
4053, 0.07
4105, 0.07
4743, 0.07
8793, 0.07
8891, 0.07
9036, 0.07
9122, 0.07
9135, 0.07
9145, 0.07
9149, 0.07
3432, 0.07
4510, 0.07
619, 0.065
643, 0.065
1022, 0.065
1087, 0.065
1201, 0.065
1248, 0.065
1268, 0.065
1297, 0.065
1414, 0.065
2874, 0.065
2882, 0.065
2895, 0.065
3261, 0.065
3314, 0.065
3363, 0.065
3377, 0.065
3458, 0.065
3556, 0.065
4059, 0.065
4076, 0.065
4080, 0.065
5322, 0.065
5587, 0.065
9138, 0.065
194, 0.065
1013, 0.065
1241, 0.065
1244, 0.065
1277, 0.065
1324, 0.065
1429, 0.065
1460, 0.065
1563, 0.065
3127, 0.065
4085, 0.065
8750, 0.065
8802, 0.065
8823, 0.065
8827, 0.065
8837, 0.065
9102, 0.065
583, 0.06
641, 0.06
699, 0.06
869, 0.06
881, 0.06
939, 0.06
1082, 0.06
1252, 0.06
1293, 0.06
1306, 0.06
1472, 0.06
1565, 0.06
1622, 0.06
1667, 0.06
2357, 0.06
3342, 0.06
3373, 0.06
4072, 0.06
4111, 0.06
4120, 0.06
4336, 0.06
4409, 0.06
4611, 0.06
4692, 0.06
4699, 0.06
8726, 0.06
8733, 0.06
8775, 0.06
8824, 0.06
8905, 0.06
9254, 0.06
9294, 0.06
170, 0.06
685, 0.06
903, 0.06
1239, 0.06
1285, 0.06
1338, 0.06
1635, 0.06
3121, 0.06
3247, 0.06
3331, 0.06
3569, 0.06
3888, 0.06
4232, 0.06
4262, 0.06
4302, 0.06
4303, 0.06
4331, 0.06
4687, 0.06
4767, 0.06
8830, 0.06
8937, 0.06
8992, 0.06
9091, 0.06
9156, 0.06
947, 0.06
1728, 0.06
3659, 0.06
4328, 0.06
4688, 0.06
5685, 0.06
9140, 0.06
10, 0.055
524, 0.055
536, 0.055
870, 0.055
970, 0.055
1015, 0.055
1228, 0.055
1547, 0.055
1578, 0.055
1656, 0.055
1843, 0.055
2281, 0.055
2691, 0.055
2871, 0.055
2879, 0.055
3100, 0.055
3508, 0.055
3535, 0.055
3660, 0.055
4069, 0.055
4265, 0.055
4340, 0.055
4584, 0.055
4682, 0.055
5787, 0.055
8745, 0.055
8771, 0.055
8838, 0.055
8846, 0.055
8944, 0.055
8964, 0.055
9032, 0.055
9037, 0.055
9048, 0.055
9177, 0.055
9328, 0.055
618, 0.055
893, 0.055
904, 0.055
907, 0.055
1066, 0.055
1189, 0.055
1229, 0.055
1360, 0.055
1418, 0.055
1798, 0.055
2196, 0.055
2892, 0.055
2893, 0.055
3117, 0.055
3126, 0.055
3143, 0.055
3291, 0.055
3319, 0.055
3361, 0.055
3463, 0.055
4259, 0.055
4529, 0.055
4701, 0.055
8747, 0.055
8789, 0.055
8859, 0.055
8910, 0.055
9038, 0.055
9180, 0.055
9259, 0.055
527, 0.055
1038, 0.055
1227, 0.055
1314, 0.055
1401, 0.055
3500, 0.055
3530, 0.055
3608, 0.055
4177, 0.055
4356, 0.055
4730, 0.055
5013, 0.055
9000, 0.055
9115, 0.055
182, 0.05
575, 0.05
717, 0.05
871, 0.05
878, 0.05
887, 0.05
981, 0.05
1126, 0.05
1164, 0.05
1273, 0.05
1336, 0.05
1357, 0.05
1390, 0.05
1406, 0.05
1416, 0.05
1589, 0.05
1806, 0.05
2880, 0.05
3549, 0.05
3554, 0.05
3592, 0.05
3852, 0.05
4031, 0.05
4193, 0.05
4406, 0.05
4619, 0.05
4756, 0.05
5324, 0.05
8777, 0.05
8796, 0.05
8842, 0.05
8867, 0.05
8909, 0.05
8917, 0.05
8925, 0.05
8970, 0.05
8993, 0.05
9026, 0.05
9167, 0.05
469, 0.05
552, 0.05
596, 0.05
705, 0.05
722, 0.05
906, 0.05
1218, 0.05
1242, 0.05
1260, 0.05
1265, 0.05
1523, 0.05
1559, 0.05
1793, 0.05
1813, 0.05
2881, 0.05
2888, 0.05
2890, 0.05
3148, 0.05
4455, 0.05
4535, 0.05
4592, 0.05
4760, 0.05
8809, 0.05
8936, 0.05
9033, 0.05
497, 0.05
517, 0.05
574, 0.05
1498, 0.05
1529, 0.05
3844, 0.05
4030, 0.05
5290, 0.05
6167, 0.05
9057, 0.05
3, 0.045
20, 0.045
212, 0.045
569, 0.045
573, 0.045
653, 0.045
879, 0.045
889, 0.045
1166, 0.045
1209, 0.045
1256, 0.045
1280, 0.045
1316, 0.045
1345, 0.045
1451, 0.045
1571, 0.045
1853, 0.045
1857, 0.045
2338, 0.045
2354, 0.045
2362, 0.045
3428, 0.045
3532, 0.045
3550, 0.045
3846, 0.045
4107, 0.045
4210, 0.045
4493, 0.045
5801, 0.045
5981, 0.045
8736, 0.045
8953, 0.045
8956, 0.045
9089, 0.045
196, 0.045
644, 0.045
648, 0.045
919, 0.045
1214, 0.045
1335, 0.045
1340, 0.045
1369, 0.045
1448, 0.045
1544, 0.045
1789, 0.045
1856, 0.045
2263, 0.045
2327, 0.045
3546, 0.045
3814, 0.045
4041, 0.045
4626, 0.045
4741, 0.045
4759, 0.045
4764, 0.045
8757, 0.045
8874, 0.045
485, 0.045
1251, 0.045
3893, 0.045
4014, 0.045
4703, 0.045
8927, 0.045
9072, 0.045
9185, 0.045
15, 0.04
16, 0.04
630, 0.04
651, 0.04
1162, 0.04
1178, 0.04
1392, 0.04
1661, 0.04
1715, 0.04
1848, 0.04
2876, 0.04
3547, 0.04
3830, 0.04
4287, 0.04
4300, 0.04
4368, 0.04
4387, 0.04
4566, 0.04
4632, 0.04
4752, 0.04
8801, 0.04
8816, 0.04
8930, 0.04
9176, 0.04
535, 0.04
598, 0.04
600, 0.04
605, 0.04
639, 0.04
1625, 0.04
1810, 0.04
3661, 0.04
4534, 0.04
4724, 0.04
8779, 0.04
9188, 0.04
1033, 0.04
1412, 0.04
9003, 0.04
1480, 0.035
5395, 0.035
4718, 0.035
4621, 0.035
5317, 0.03
