3667, 0.28991378028648446
3692, 0.28991378028648446
3797, 0.28991378028648446
666, 0.26870057685088805
5503, 0.26870057685088805
2596, 0.2474873734152916
2854, 0.2474873734152916
3790, 0.2474873734152916
1986, 0.23334523779156066
3768, 0.23334523779156066
5066, 0.23334523779156066
3665, 0.22627416997969518
3703, 0.22627416997969518
3717, 0.22627416997969518
2232, 0.21213203435596423
3248, 0.20506096654409875
5007, 0.1979898987322333
5774, 0.18384776310850234
3130, 0.17677669529663687
551, 0.1697056274847714
613, 0.1697056274847714
2204, 0.1697056274847714
2218, 0.1697056274847714
502, 0.1626345596729059
1651, 0.1626345596729059
441, 0.15556349186104043
3246, 0.15556349186104043
6168, 0.15556349186104043
31, 0.14849242404917495
1274, 0.14849242404917495
3250, 0.14849242404917495
9303, 0.14849242404917495
9368, 0.14849242404917495
1223, 0.1414213562373095
1250, 0.1414213562373095
1268, 0.1414213562373095
2360, 0.1414213562373095
4119, 0.1414213562373095
482, 0.13435028842544403
494, 0.13435028842544403
693, 0.13435028842544403
697, 0.13435028842544403
715, 0.13435028842544403
1224, 0.13435028842544403
1689, 0.13435028842544403
1807, 0.13435028842544403
3251, 0.13435028842544403
3252, 0.13435028842544403
3262, 0.13435028842544403
3269, 0.13435028842544403
3495, 0.13435028842544403
3522, 0.13435028842544403
4477, 0.13435028842544403
9085, 0.13435028842544403
29, 0.12727922061357855
922, 0.12727922061357855
1497, 0.12727922061357855
1860, 0.12727922061357855
2221, 0.12727922061357855
2233, 0.12727922061357855
3135, 0.12727922061357855
4105, 0.12727922061357855
4294, 0.12727922061357855
5061, 0.12727922061357855
162, 0.12020815280171308
429, 0.12020815280171308
444, 0.12020815280171308
516, 0.12020815280171308
612, 0.12020815280171308
726, 0.12020815280171308
1032, 0.12020815280171308
1204, 0.12020815280171308
1238, 0.12020815280171308
1350, 0.12020815280171308
4191, 0.12020815280171308
28, 0.11313708498984759
38, 0.11313708498984759
45, 0.11313708498984759
577, 0.11313708498984759
617, 0.11313708498984759
908, 0.11313708498984759
1232, 0.11313708498984759
1255, 0.11313708498984759
1294, 0.11313708498984759
1507, 0.11313708498984759
1628, 0.11313708498984759
1801, 0.11313708498984759
2900, 0.11313708498984759
3115, 0.11313708498984759
3146, 0.11313708498984759
3294, 0.11313708498984759
3314, 0.11313708498984759
3860, 0.11313708498984759
4112, 0.11313708498984759
4615, 0.11313708498984759
4687, 0.11313708498984759
6181, 0.11313708498984759
179, 0.10606601717798211
521, 0.10606601717798211
536, 0.10606601717798211
553, 0.10606601717798211
655, 0.10606601717798211
695, 0.10606601717798211
724, 0.10606601717798211
1186, 0.10606601717798211
1211, 0.10606601717798211
1249, 0.10606601717798211
1280, 0.10606601717798211
1401, 0.10606601717798211
3111, 0.10606601717798211
3125, 0.10606601717798211
3137, 0.10606601717798211
3144, 0.10606601717798211
3301, 0.10606601717798211
3339, 0.10606601717798211
3560, 0.10606601717798211
6015, 0.10606601717798211
6037, 0.10606601717798211
8785, 0.10606601717798211
343, 0.09899494936611665
558, 0.09899494936611665
604, 0.09899494936611665
687, 0.09899494936611665
1176, 0.09899494936611665
1587, 0.09899494936611665
1853, 0.09899494936611665
2333, 0.09899494936611665
3123, 0.09899494936611665
3127, 0.09899494936611665
3140, 0.09899494936611665
3644, 0.09899494936611665
3845, 0.09899494936611665
3884, 0.09899494936611665
4044, 0.09899494936611665
4614, 0.09899494936611665
4760, 0.09899494936611665
5274, 0.09899494936611665
5675, 0.09899494936611665
5719, 0.09899494936611665
5767, 0.09899494936611665
6001, 0.09899494936611665
6080, 0.09899494936611665
6206, 0.09899494936611665
14, 0.09192388155425117
19, 0.09192388155425117
512, 0.09192388155425117
545, 0.09192388155425117
596, 0.09192388155425117
1230, 0.09192388155425117
1265, 0.09192388155425117
1416, 0.09192388155425117
1493, 0.09192388155425117
1499, 0.09192388155425117
1627, 0.09192388155425117
2229, 0.09192388155425117
2271, 0.09192388155425117
2339, 0.09192388155425117
2362, 0.09192388155425117
2366, 0.09192388155425117
2868, 0.09192388155425117
2880, 0.09192388155425117
3119, 0.09192388155425117
3148, 0.09192388155425117
3317, 0.09192388155425117
3475, 0.09192388155425117
3557, 0.09192388155425117
3870, 0.09192388155425117
3908, 0.09192388155425117
4060, 0.09192388155425117
4295, 0.09192388155425117
4603, 0.09192388155425117
4627, 0.09192388155425117
4629, 0.09192388155425117
4744, 0.09192388155425117
4764, 0.09192388155425117
4778, 0.09192388155425117
5092, 0.09192388155425117
5261, 0.09192388155425117
5771, 0.09192388155425117
11, 0.0848528137423857
12, 0.0848528137423857
49, 0.0848528137423857
170, 0.0848528137423857
213, 0.0848528137423857
623, 0.0848528137423857
1177, 0.0848528137423857
1214, 0.0848528137423857
1398, 0.0848528137423857
1432, 0.0848528137423857
1468, 0.0848528137423857
1544, 0.0848528137423857
1585, 0.0848528137423857
1856, 0.0848528137423857
2226, 0.0848528137423857
2279, 0.0848528137423857
2357, 0.0848528137423857
2885, 0.0848528137423857
2970, 0.0848528137423857
3151, 0.0848528137423857
3152, 0.0848528137423857
3814, 0.0848528137423857
3879, 0.0848528137423857
4049, 0.0848528137423857
4116, 0.0848528137423857
4214, 0.0848528137423857
4219, 0.0848528137423857
4248, 0.0848528137423857
4275, 0.0848528137423857
4387, 0.0848528137423857
4616, 0.0848528137423857
6022, 0.0848528137423857
6044, 0.0848528137423857
6065, 0.0848528137423857
8879, 0.0848528137423857
8977, 0.0848528137423857
8988, 0.0848528137423857
203, 0.07778174593052022
489, 0.07778174593052022
490, 0.07778174593052022
491, 0.07778174593052022
495, 0.07778174593052022
496, 0.07778174593052022
578, 0.07778174593052022
607, 0.07778174593052022
614, 0.07778174593052022
692, 0.07778174593052022
1059, 0.07778174593052022
1368, 0.07778174593052022
1421, 0.07778174593052022
1656, 0.07778174593052022
1790, 0.07778174593052022
1855, 0.07778174593052022
1859, 0.07778174593052022
3062, 0.07778174593052022
3116, 0.07778174593052022
3131, 0.07778174593052022
3141, 0.07778174593052022
3153, 0.07778174593052022
3463, 0.07778174593052022
3485, 0.07778174593052022
3603, 0.07778174593052022
3858, 0.07778174593052022
4200, 0.07778174593052022
4226, 0.07778174593052022
4462, 0.07778174593052022
4529, 0.07778174593052022
4563, 0.07778174593052022
4610, 0.07778174593052022
4689, 0.07778174593052022
4706, 0.07778174593052022
4724, 0.07778174593052022
4734, 0.07778174593052022
4752, 0.07778174593052022
5796, 0.07778174593052022
165, 0.07071067811865475
211, 0.07071067811865475
215, 0.07071067811865475
340, 0.07071067811865475
497, 0.07071067811865475
501, 0.07071067811865475
517, 0.07071067811865475
567, 0.07071067811865475
592, 0.07071067811865475
597, 0.07071067811865475
722, 0.07071067811865475
1289, 0.07071067811865475
1339, 0.07071067811865475
1426, 0.07071067811865475
1484, 0.07071067811865475
1494, 0.07071067811865475
1508, 0.07071067811865475
1839, 0.07071067811865475
1862, 0.07071067811865475
2205, 0.07071067811865475
2320, 0.07071067811865475
2337, 0.07071067811865475
2874, 0.07071067811865475
2979, 0.07071067811865475
3112, 0.07071067811865475
3129, 0.07071067811865475
3147, 0.07071067811865475
3467, 0.07071067811865475
3489, 0.07071067811865475
3498, 0.07071067811865475
3555, 0.07071067811865475
3564, 0.07071067811865475
3611, 0.07071067811865475
3643, 0.07071067811865475
3859, 0.07071067811865475
3895, 0.07071067811865475
4277, 0.07071067811865475
4373, 0.07071067811865475
4390, 0.07071067811865475
4512, 0.07071067811865475
4528, 0.07071067811865475
4580, 0.07071067811865475
4617, 0.07071067811865475
4723, 0.07071067811865475
4950, 0.07071067811865475
5583, 0.07071067811865475
6217, 0.07071067811865475
8969, 0.07071067811865475
493, 0.06363961030678927
508, 0.06363961030678927
611, 0.06363961030678927
911, 0.06363961030678927
1040, 0.06363961030678927
1052, 0.06363961030678927
1303, 0.06363961030678927
1464, 0.06363961030678927
1482, 0.06363961030678927
1723, 0.06363961030678927
2338, 0.06363961030678927
2883, 0.06363961030678927
3136, 0.06363961030678927
3868, 0.06363961030678927
3871, 0.06363961030678927
4382, 0.06363961030678927
4386, 0.06363961030678927
4409, 0.06363961030678927
4483, 0.06363961030678927
4518, 0.06363961030678927
4626, 0.06363961030678927
4761, 0.06363961030678927
4911, 0.06363961030678927
5019, 0.06363961030678927
5395, 0.06363961030678927
9082, 0.06363961030678927
572, 0.056568542494923796
584, 0.056568542494923796
598, 0.056568542494923796
600, 0.056568542494923796
609, 0.056568542494923796
1033, 0.056568542494923796
1191, 0.056568542494923796
1321, 0.056568542494923796
1491, 0.056568542494923796
3834, 0.056568542494923796
3867, 0.056568542494923796
4394, 0.056568542494923796
4743, 0.056568542494923796
5644, 0.056568542494923796
5742, 0.056568542494923796
9176, 0.056568542494923796
1319, 0.04242640687119285
4184, 0.04242640687119285
