198, 0.13279056191361394
3536, 0.13279056191361394
3076, 0.12124355652982143
8870, 0.12124355652982143
1244, 0.11547005383792518
3086, 0.11547005383792518
1231, 0.10969655114602891
1226, 0.0981495457622364
3501, 0.0981495457622364
9124, 0.0981495457622364
3121, 0.09237604307034014
8750, 0.09237604307034014
8808, 0.09237604307034014
8982, 0.09237604307034014
4592, 0.08660254037844388
8845, 0.08660254037844388
9012, 0.08660254037844388
9047, 0.08660254037844388
9083, 0.08660254037844388
517, 0.08082903768654763
1002, 0.08082903768654763
8760, 0.08082903768654763
2895, 0.07505553499465137
3484, 0.07505553499465137
4627, 0.07505553499465137
4641, 0.07505553499465137
8796, 0.07505553499465137
8898, 0.07505553499465137
8908, 0.07505553499465137
8943, 0.07505553499465137
9137, 0.07505553499465137
1062, 0.06928203230275509
1588, 0.06928203230275509
3085, 0.06928203230275509
4227, 0.06928203230275509
8736, 0.06928203230275509
8852, 0.06928203230275509
9056, 0.06928203230275509
9123, 0.06928203230275509
487, 0.06350852961085884
1836, 0.06350852961085884
3096, 0.06350852961085884
8789, 0.06350852961085884
8793, 0.06350852961085884
8820, 0.06350852961085884
8859, 0.06350852961085884
8891, 0.06350852961085884
8992, 0.06350852961085884
9096, 0.06350852961085884
183, 0.05773502691896259
184, 0.05773502691896259
519, 0.05773502691896259
1248, 0.05773502691896259
1289, 0.05773502691896259
3646, 0.05773502691896259
4329, 0.05773502691896259
8777, 0.05773502691896259
8931, 0.05773502691896259
8932, 0.05773502691896259
8969, 0.05773502691896259
9050, 0.05773502691896259
9159, 0.05773502691896259
713, 0.051961524227066326
1251, 0.051961524227066326
1280, 0.051961524227066326
1293, 0.051961524227066326
1470, 0.051961524227066326
1518, 0.051961524227066326
3124, 0.051961524227066326
4749, 0.051961524227066326
8785, 0.051961524227066326
8825, 0.051961524227066326
9064, 0.051961524227066326
9066, 0.051961524227066326
9147, 0.051961524227066326
1020, 0.04618802153517007
2138, 0.04618802153517007
8946, 0.04618802153517007
